##)@#	1
.	6
.22102	1
0	9
00	1
00000	138
000000	18
0000000	8
00000000	1
000000000	41
00016	1
0007	1
001105	1
00174	1
0018	1
00192	1
00197	1
00387	1
00603	1
00613	10
00646	2
00656	1
006598873	2
00676	6
006767	1
00677	1
00678	1
00693	8
006933354	2
007	6
007055	1
00706	1
00721	1
00727	1
00728	1
00731	1
00738	1
00742	1
00755	1
007624	1
00783	1
00795	2
00802	1
00802-137	1
00816	3
00820	1
00830	2
00837	1
00847	1
00873	1
00902	1
00907	1
00949	1
00953	1
00963	6
009663	1
00979	1
00983	6
00985	1
01002	3
01010	1
010219	1
01039	1
010570	1
01060	3
01062	1
010689	1
010702	1
01071	1
01085	1
01094	1
01095	3
01103	1
01105	3
01106	1
0111	1
01111	7
011717	1
01227	1
01230	7
01259	1
01262	2
01266	1
01364	1
01403	1
01420	6
01465	1
01521	1
01532	1
01581	6
01602	1
01661-142	1
01701	3
01702	25
017025401	1
017102	1
01741	1
01742	1
01752	4
01758	1
01760	2
01770	1
01772	3
01803	1
01810	2
01810-381	1
01824	1
01864	2
01866	1
01880	2
01886	2
01887	3
01907	1
01923	7
01940	4
01951	3
01960	5
01969	1
01970	3
02021	8
02026	1
02030	1
02035	1
02038	1
02043	3
02066	1
02067	3
02072	1
020914	1
02093	1
02109	71
02109-390	3
02110	14
02111	2
02114	7
02116	37
02116-374	2
02116-574	1
02118	34
02119	2
02128	4
021319	1
02132	4
02138	1
02140	6
02141	1
02143	2
02144	1
02146	4
02148	1
02149	2
02150	2
021508	1
02152	1
02165	3
02178	1
02184	1
02194	1
02199	41
021991900	1
021997610	2
02208	1
02210	15
02215	1
022314	1
02254	1
022806	1
02305	1
02357	1
02359	12
02359-182	1
02445	18
02446	1
02450	1
02451	2
02453	21
02458	1
02458-163	1
02459	4
02461	11
024611952	1
02464	4
02466	1
02467	3
02468	3
02471	1
02476	1
02478	1
02481	1
02494	6
02508	1
02534	1
02575	1
02603	2
02631	1
026311701	1
02642	1
02650	2
02673	1
02680	1
027042	1
02724	1
02739	2
02746	1
02771	5
02780	1
02812	1
02813	1
02816	1
02818	1
02822	1
02840	7
02863	1
02866	1
02879	2
02886	1
02893	1
02895	13
02903	218
02905	2
02906	2
02910	4
02914	1
02919	1
02920	1
02921	2
02921-252	2
030190	1
03024	2
0305	1
030519	1
03053	1
03101	2
03103	1
03244	1
032591	2
03276	4
03285	1
03301	1
03314	2
03348	1
03431	5
03431-423	1
034638	3
03733-141	1
03773	6
03773-141	1
03801	5
038010000	2
03813	1
03827	1
03830	1
03833	3
03866	1
04012	2
040618	1
040710	1
04101	10
04102	2
04112	2
04210	1
04250	2
04330	1
04410	1
04462	3
045202	2
04536	1
04555	4
04573	4
04624	1
0463	1
04641	1
04652	1
04654	1
04730	1
04769	1
04824	1
04840	1
04936	1
05004	2
050292	1
05052	1
05091	4
05155	2
05251	2
052510982	1
05255	1
05257	1
05262	1
05331	1
05346	1
05468	1
05510	1
05602	1
05658	1
05674	3
05701	1
05726	1
05767	4
0580-2608	1
05819	4
0583	1
05837	1
06002	3
06006	3
06010	6
06019	2
060217	1
06023	4
060268	1
06030	1
06032	5
06033	10
06035	1
06037	3
06039	1
06041	1
06051	1
060591	1
060606	1
06062	8
060667	2
06067	6
060671361	1
06070	2
06073	3
06082	1
06083	2
06087	1
060902	1
060903	1
06091	1
06095	10
06096	1
06098	2
06102	1
06103	11
06105	4
061053836	1
06106	2
06109	1
06110	3
06111	5
06114	9
06117	2
06120	1
06150	4
06268	2
062778	1
06278	1
06301	1
06307	1
06310	1
06314	1
06320	2
06351	2
06360	4
06380	3
06385	1
06405	9
06410	5
06415	10
06418	1
06424	3
06430	16
06432	8
06436	1
06437	1
06443	13
06450	3
06451	1
06457	3
06460	9
06461	2
06470	2
06473	1
06477	6
06477-105	1
06483	1
06484	16
06484-219	1
06488	4
064888247	1
06490	2
06492	2
06508	2
06511	29
065111324	1
06514	2
06516	3
06519	2
06524	2
06525	3
06527	1
06530	1
06535	1
06555	1
06604	3
06605	8
06606	5
06606-221	2
06608	1
06610	1
06611	26
06612	17
06612-132	2
06614	5
06615	2
066776	3
06680	1
06683	1
06704	1
06705	5
06709	1
06732	2
06755	19
06756	1
06759	2
06770	1
06776	9
06783	5
06784	6
06790	1
06791	4
06792	1
06793	3
06794	9
06795	1
06796	4
06800	1
06801	3
06804	12
06807	32
06807-111	1
06810	8
06811	22
06812	13
068124617	1
06820	43
06820-021	3
068202821	1
068232	1
06824	14
06824-576	1
06825	39
068252760	1
06829	1
06830	487
06830-530	5
06830-58	1
06830-63	1
06830-633	3
068306389	1
06831	74
06831-254	1
06831-510	5
068312544	4
06832	18
06836	48
068361627	1
06837	1
06838	1
06840	18
06846	1
06847-142	1
06850	10
06851	16
06852	14
06853	2
06854	11
06855	4
06856	1
06858	1
06870	16
06877	20
06878	46
06880	55
06880-201	2
068802010	1
06881	2
068815117	1
06883	14
06890	13
06897	11
06901	16
06902	47
06902-383	1
06903	27
06904	1
06905	32
06906	8
06907	10
06907-179	1
0691	1
06911	1
070002	1
07001	15
07001-221	3
07002	72
07002-500	2
07003	33
07004	42
07005	22
07006	33
07007	6
07008	49
07008-310	1
07009	3
0701	1
07010	85
07010-32	2
070102	3
07011	33
07012	127
07012-041	6
070120413	1
07013	21
07013-222	1
07014	17
070141542	1
07015	2
07016	32
07017	56
07018	6
07019	2
07020	38
070204	2
07021	7
07022	10
07023	2
07024	845
07024-176	1
07024-263	2
07024-391	1
07024-430	3
07024-531	2
07024-540	1
07024-634	1
07024-644	1
07024-772	1
07024-805	1
07024-864	1
07024059	1
070241034	3
070241804	1
070242920	1
070244193	1
070244934	2
070245900	1
07024721	1
070248642	1
07025	1
07026	41
07026-150	1
07026-604	1
07027	3
07028	2
07029	10
07030	134
07030-244	1
07030-450	2
07030-842	1
070309	1
07031	30
07032	43
07033	28
07034	5
07035	5
07036	150
07036-210	1
07037	2
07039	75
07039-151	1
07039-721	1
070391432	2
070391743	1
0704	2
07040	15
07040-184	2
07041	19
07042	44
07042-170	2
07043	2
07044	2
07045	28
07045-904	3
07047	248
0705	1
07050	39
070502707	2
07051	3
07052	93
07053	1
07053-731	1
07054	155
07055	63
07055-731	5
07057	76
07057-039	7
07058	15
07058-950	1
07059	15
07059-674	1
07060	25
07061	1
07062	3
07062-130	1
07064	4
07065	24
07066	8
07067	9
070670	1
07068	4
07068-113	1
07069	29
0707	2
07070	46
070702	1
070703	1
070706	1
07071	46
07071-	1
07072	248
070724	1
07073	165
07074	17
07075	17
07076	29
07077	29
070773	1
070778	1
07078	171
07078-125	1
07078-2	1
07078-271	7
070782119	1
07079	8
070793	1
070794	1
07080	66
07081	30
07082	8
070827405	1
07083	81
07083-810	1
070834850	1
07083841	1
07084	6
07085	3
07086	25
070865643	1
07087	41
070876002	1
07088	1
0709	2
07090	24
070903	3
07091	33
07092	11
07093	409
07093-123	8
070930	1
070931236	1
07094	654
070942005	1
07095	45
07095-122	2
07096	4
07098	5
07100	1
071002	1
07101	2
07102	619
07102-302	3
071022397	1
071023024	4
07103	2
07104	31
07105	192
07105-471	1
0710500	7
07105000	1
071051218	1
071051504	1
07106	4
07107	10
07108	12
07109	53
07110	17
07110-244	1
07111	41
07112	1
07114	51
07114-142	1
0712	1
07147	1
071470	1
0717	1
071808	1
07184	2
07186	1
0720	1
072005	1
07201	12
07202	10
07203	29
07203-114	2
07204	4
07205	13
07206	17
07207	6
07208	12
07210	2
07223	1
07224	1
07228	1
072303	1
07236	1
07252	1
07262	1
07264	1
07268	1
07284	1
073007	1
07302	193
07302-561	2
07303	10
073033915	1
07304	14
07305	16
07305-473	1
07306	122
07307	52
073073232	1
07310	82
07310-161	1
07311	37
0732	1
0733	2
07330	1
07348	1
07361	2
07362	1
07401	6
074014	1
07405	8
07407	104
07407-132	3
07407-221	1
074071325	3
07410	60
07410-153	1
07414	1
07417	38
07417-03	2
07417-12	1
07419	9
07421	1
07422	1
07423	2
07424	23
07424-335	1
07430	43
074303173	1
07432	30
07435	7
07435-054	1
07436	20
07436-041	2
07436-281	2
074362808	3
074362817	1
07440	1
07442	3
07444	2
07446	17
07446-085	1
074461003	1
0745	2
07450	95
07450-532	1
07451	1
07452	10
07456	10
07457	2
07458	105
07458-293	2
07461	4
07463	10
07465	1
07470	110
07472	2
07474	11
07480	5
07481	11
07501	8
07502	9
07503	49
07504	9
07505	2
07506	11
07508	18
07508-255	3
07509	1
07511	1
07512	35
075122326	1
07513	11
07514	26
07522	1
07524	2
07551	1
07555	1
07560	1
07563-184	1
075652	1
07600	2
07601	151
07602	9
07603	53
07603-142	2
076030386	1
076031429	4
07604	38
07605	70
07605-181	5
076051816	1
07606	5
07607	43
07608	17
07610	5
07612	1
07618	1
07620	50
076200	1
07621	43
076224	4
076228	1
07623	6
07624	148
07624-211	1
07624`	1
07625	1
07626	43
07627	24
07628	21
07630	8
07631	341
07631-270	1
07631-412	1
07631-414	3
076313710	1
07632	768
076322938	2
07632812	1
07633	1
07634	4
07635	1
07637	3
07638	3
07640	13
07640-1	1
07641	18
07642	10
07643	19
07644	19
07645	89
07645 `	1
076451856	1
07646	37
07647	66
07647-204	2
07648	18
07648-013	1
076487	1
07649	44
076491219	1
0765	1
07650	49
07650-127	1
076501194	1
07652	351
07652-330	1
07652-510	2
076522816	1
07653	98
07653-184	3
07654	1
07654-24	1
07656	20
07657	47
07660	10
07661	16
076611214	1
07662	19
07663	30
07663-480	2
07664	1
07665	3
07666	415
07666-291	2
07666-463	1
07666-516	1
07666-562	1
07666-680	1
07666-700	1
076662919	1
076663243	2
076665160	1
076666	3
076675	1
07670	71
07670-013	1
07670-066	1
07670-210	1
07671	1
07672	1
07673	1
07675	40
076757	1
07676	12
07676-4	1
07677	55
07681	1
07682	1
07698	1
07699	1
077006	1
07701	72
07701-500	1
077011977	1
07702	2
07704	2
07706	1
0771	2
07711	28
07711-103	4
077111038	2
07712	30
07714	1
07716	4
07718	7
07719	17
07720	2
07721	2
07722	38
07723	39
07723-100	1
07723-130	1
07724	59
07724-309	1
07726	203
07726-310	1
07726-344	1
07726-864	1
077262911	1
077264435	1
07727	9
07727-363	1
07728	100
07728-293	1
07730	77
07731	47
07731-241	1
07732	26
07733	129
07733-147	1
07733-165	1
07733-202	1
07733-208	4
07733-291	1
077331607	1
077331671	1
077332104	1
07734	6
07735	1
07737	69
07738	12
07739	4
07740	23
07745	3
07746	189
07746-026	3
07746-272	1
077460267	2
07747	49
07748	34
07750	2
07751	87
07752	1
07753	11
077530	1
07755	16
07755-140	3
07757	13
07758	5
07760	17
07762	11
07764	4
077724	2
077728	1
07775	1
077762	1
077871	1
07789	1
07801	6
07803	1
07806	2
07821	1
07821-303	1
07822	9
07823	2
078259557	1
07827	3
07828	3
07830-30	1
07831	1
07834	6
07836	14
07843	1
07846	1
07847	1
07848	2
07849	1
07852	1
07852-004	1
07853	12
07857	1
07860	5
07863	1
07866	6
07869	27
07871	9
07874	4
07875	4
07876	9
07876-133	2
07882	6
07885	2
07900	2
07901	18
07902	14
07904	1
07920	17
07920-240	1
079201	1
07921	392
07921-153	21
079211538	1
07922	11
07924	3
07927	2
07928	22
07930	14
07931	4
07932	54
07932-190	3
07933	15
07936	67
07940	1
07945	18
07946	1
07948	1
07950	2
07952	1
07958	1
07960	71
07960-521	1
079604774	1
079605219	2
07962	1
07965	1
07968	2
07970	2
07974	6
07976	4
07978	1
07980	6
07981	2
079946	1
08002	3
08002-242	2
08003	10
08005	1
08008	25
08010	4
080118	1
08012	3
08014	6
08015	2
08016	21
08016-515	2
08021	1
08022	1
08024	1
08028	1
080288	1
08033	1
08034	8
08034WILL	2
0804	1
08043	2
08046	4
08048	4
08050	6
08053	7
08054	6
08054-460	1
08057	8
08057-133	1
08060	14
08065	1
08077	2
08077-370	1
08080	1
08081	2
08085	8
08087	5
08088	21
08092	2
08093	11
08096	1
08104	6
08110	3
081318	1
0816	1
08201	2
08203	3
08210	1
08215-350	1
08223	1
08234	5
08244	2
08307	1
08308	1
08317	1
08326	2
08327	1
08330	4
08332	1
08360	2
08401	3
08406	1
084111	4
08436	1
08501	2
08503	1
08505	8
08510	10
08512	27
08512-213	1
08514	4
08515	6
08515-192	1
08520	9
08521	1
08523	1
08524	1
08525	3
08526	5
08527	277
08527-026	1
08527-028	1
08527-106	3
08527-201	1
08527-479	1
08527-481	1
085271064	1
085274791	1
085274876	1
08530	7
08534	2
08535	4
08536	18
08540	35
08540-403	1
085404038	1
08542	16
085420691	1
08543-740	1
0855	1
08550	18
08550-331	1
08551	7
08551-183	1
08553	1
08555	4
08558	8
08559	12
08560	1
08587	1
08610	2
08618	2
086182510	1
08619	10
08638	1
08640	5
08648	3
08677	1
0869	1
08690	5
08691	8
086920	1
08701	638
08701-125	1
08701-203	2
08701-210	1
08701-438	4
08701-458	5
08701-476	4
08701-494	1
08701-560	1
08701-702	1
08701-703	1
087012069	1
08710	2
08722	2
08723	14
08724	5
08730	2
08730-143	1
08731	17
08731-201	2
08735	1
08736	89
08736-101	2
08738	2
08740	1
08742	51
08750	13
08753	13
08754	1
08755	14
08755-145	1
08756	1
08757	4
08759	10
08761	1
087632	1
087701	1
08781	1
08784	1
088016	1
08802	2
08805	1
08807	38
08807-114	1
08809	4
08810	6
08812	24
08812-211	1
08816	92
08816-204	1
08816-40	1
08816-44	1
08816-58	2
08817	84
088172839	1
08818	4
0882	1
08820	64
08820-140	1
088201920	1
08822	2
08823	2
08824	10
08826	2
08827	3
08830	21
08831	61
08831-1	2
08831-261	1
08831-7	1
08831-8	1
088318	1
08832	2
08833	10
08837	116
08837-226	2
088372260	3
08840	15
08844	25
08846	3
0885	1
08850	11
088502019	1
08852	6
088520	1
08853	4
08853-419	1
08854	24
08854-652	1
08855	2
08857	63
08858	2
08859	18
088593160	1
08861	20
08863	17
08865	2
08866	1
08867	10
08869	16
08869-044	1
08872	13
08873	89
08873-165	5
08873-522	1
08873-601	1
08873-603	1
08875	26
08876	11
08877	2
08879	17
08879-155	1
08880	1
08881	1
08882	61
08882-009	2
088822478	1
088831-88	1
08886	3
08888	4
088882	1
08889	24
088893374	2
08893	2
08896	1
08901	3
08902	25
08902-5	1
089021	1
08904	8
08912	1
09008	1
090591	1
09074	2
09102	1
09104	1
091291	1
09290	1
094	1
09403	1
09527	1
09540	7
09631	3
09701	1
09720	1
09726	1
09753	2
09836	1
09845	1
09865	2
09865-000	1
1	17
1--16	1
1-312	1
1-458	1
10	1
10.03	1
100	41
1000	5
10000	45
100000	3
100001	3
100002	2
100003	7
100004	1
100006	1
100007	1
100009	1
10001	20005
10001-000	5
10001-162	2
10001-180	1
10001-190	1
10001-191	4
10001-194	1
10001-211	1
10001-224	1
10001-251	1
10001-300	1
10001-330	1
10001-352	1
10001-387	2
10001-396	1
10001-440	2
10001-442	1
10001-452	1
10001-582	2
10001-673	2
10001-740	1
10001-760	2
10001-770	1
1000100	1
100010000	27
100010006	1
10001010	1
100011	3
100011308	1
100011404	1
100011628	1
100011813	2
100012	2
100012100	1
100012519	1
100013	6
100013205	1
100013501	2
100013522	1
100013727	1
100013967	1
100015301	1
100015305	1
100016025	1
100016737	2
100016812	1
100016825	1
100016900	1
100017	4
100017124	1
100017506	2
100017708	1
100019	1
10002	10630
10002-050	1
10002-091	1
10002-225	1
10002-233	2
10002-493	4
10002-496	2
10002-516	2
10002-767	1
10002000	1
100020000	37
100020051	1
100021	4
10002165	1
100022	3
100022245	1
100022374	1
100022601	1
100022909	1
100023	2
100023165	1
100023308	1
100023325	1
100023508	1
100023760	1
100024	1
100024379	1
100024637	1
100024771	1
100024901	1
100024904	1
100025101	1
100025132	1
100026	1
100026415	1
100026700	1
100026702	1
100026803	1
100027	1
100027045	1
100027062	1
100027633	1
100028	1
10002`	2
10003	11665
10003-140	1
10003-150	3
10003-154	1
10003-319	2
10003-330	1
10003-430	2
10003-468	1
10003-532	2
10003-642	1
10003-703	8
10003-711	2
10003-714	1
10003-776	1
10003-800	1
10003-812	1
10003-864	1
10003-956	3
100030000	35
100031	1
100031008	1
100031503	1
100031947	1
100033	1
100033020	1
100033303	1
100033305	1
100034208	1
100034300	1
100034805	1
100035203	2
100035329	1
100037033	3
100037115	1
100037506	1
100038324	1
100038401	1
100039502	1
10004	4266
10004-121	1
10004-159	3
10004-273	6
100040000	3
100041207	1
100041405	2
100042109	3
100042304	1
100042738	1
10004405	1
100047	2
10005	2470
10005-270	1
100050000	3
100051108	1
100052001	1
100053511	2
100054029	4
10005701	2
10006	2494
10006-190	1
10006-377	2
100060000	2
100061705	1
100062200	1
10006221	1
100062221	1
100063777	6
100065	1
10007	11452
10007-191	1
10007-254	1
100070000	7
10007001	1
100071049	1
100071222	1
100071339	1
100071602	1
100072012	1
100072544	1
100073201	1
100073640	1
10008	119
10008-069	1
10008-117	1
10009	4943
10009-049	1
10009-698	1
10009-746	1
10009-895	3
100090000	9
100091645	1
100093559	1
100093615	1
100095206	1
100095217	1
100095915	1
100097449	1
100098032	4
10009928	1
1001	12
10010	6634
10010-165	2
10010-603	1
10010-730	1
100100000	21
100101005	1
10010102	1
100102007	1
100102117	1
100102434	1
100102703	1
100102935	2
100103202	1
100103208	1
100104005	1
100104604	1
100105118	1
100105148	1
100106033	1
100106923	1
10011	9234
10011 CAH	3
10011-521	1
10011-634	1
10011-715	2
100110000	24
100111006	1
100111808	1
100112403	2
100112573	1
100114261	1
100114601	1
100115215	1
100115300	5
100115390	1
100115437	1
100115503	1
10011663	1
100116701	1
100117520	1
100117902	1
100118002	1
100119147	2
100119182	1
10011MS.	1
10012	8243
10012-129	2
10012-261	1
10012-277	1
10012-331	1
10012-378	1
10012-413	1
10012-424	1
100120000	14
100121137	1
100121231	1
100122428	1
100123507	1
100123918	1
100124026	2
100124197	1
100124310	1
100124427	1
100124542	1
100125019	1
10013	13225
10013-087	1
10013-098	5
10013-099	3
10013-350	1
10013-352	1
10013-359	1
10013-364	1
10013-411	2
10013-414	2
10013-415	2
10013-440	1
10013-455	1
10013-472	1
10013-510	2
10013-602	1
10013000	1
100130000	36
100131	1
100132459	1
100132506	1
100132883	1
100132914	1
100133112	1
10013315	1
100133508	1
100133549	1
100133851	1
100134	1
100134600	1
100134601	1
100134709	1
100134726	1
100134812	1
100134988	1
100135020	1
100135325	1
100135452	1
100136	2
100136023	1
10013OARJ	1
10014	5788
10014-302	1
10014-449	2
10014-480	1
100140000	11
100140650	1
100140710	1
100142370	1
100142514	1
100142569	1
100142815	1
100143228	1
100144007	1
100144303	1
100145012	1
1001487	1
10015	12
10016	18033
10016-060	1
10016-097	1
10016-100	6
10016-223	2
10016-240	1
10016-282	1
10016-400	1
10016-532	1
10016-536	2
10016-543	1
10016-556	3
10016-791	2
10016-8	1
10016-800	2
10016-832	1
10016-843	1
10016-880	10
10016-971	5
100160000	14
100160003	1
100160601	1
100161001	2
100161322	2
100162401	1
100163108	1
1001641	1
100164102	1
100164313	1
100165010	3
100165011	1
100165037	3
100165339	2
100165407	1
100165412	1
100165504	1
100165506	1
100166	1
10016601	1
100166302	2
100166823	1
100167	1
100167402	1
100167419	1
100167474	1
100167809	1
100167911	8
100168806	2
100168942	1
100168965	1
100169	1
100169453	1
10017	20448
10017-130	1
10017-332	1
10017-364	1
10017-415	1
10017-483	4
10017-569	2
10017-570	4
10017-614	1
10017-637	2
10017-652	1
10017-653	1
10017-671	3
10017-772	1
10017-776	3
10017-792	4
10017-882	1
100170000	11
100172201	2
100172803	1
100173329	1
100173808	1
100173910	1
100173935	1
100174532	1
100175529	1
100175546	1
100175700	2
100175703	1
100175704	7
100176546	1
100176706	1
100176710	1
10017676	1
100176819	1
100177766	1
10017{	1
10018	14094
10018 MR.	1
10018-050	1
10018-132	1
10018-187	1
10018-460	2
10018-650	1
10018-680	1
10018-765	1
100180000	23
100180098	1
100180216	1
100180630	1
100180632	1
100181	1
100181238	2
100182348	3
100182797	1
100182803	1
100182822	1
100183372	1
100185391	13
100185706	1
100186041	1
100187352	1
100187384	1
100187566	1
100188977	2
100189420	1
10018G	1
10019	16827
10019-270	1
10019-301	1
10019-321	1
10019-331	3
10019-338	2
10019-344	1
10019-354	1
10019-358	7
10019-400	1
10019-420	1
10019-431	1
10019-509	1
10019-531	1
10019-551	2
10019-618	1
10019-784	3
100190000	22
10019102	1
1001911	1
100191529	1
100192128	1
100192507	1
100193053	1
100193412	1
100193735	1
100194001	1
100194315	1
100195601	1
10019562	1
100195905	1
100196102	1
100196300	2
100196302	1
100196634	6
100196708	1
100197101	1
100197177	1
100198	1
100198023	2
10019JOHN	1
1002	5
10020	554
10020-231	1
100200000	1
100201701	1
10021	7752
10021-001	1
10021-005	1
10021-007	1
10021-282	1
10021-318	2
10021-504	1
100210000	7
100210303	1
100212844	1
100213205	1
100213486	1
100216549	2
100216654	1
10021801	1
100218165	2
100218722	1
10021903	1
10021RONA	1
10022	16362
10022-130	1
10022-137	1
10022-150	1
10022-165	1
10022-168	2
10022-274	1
10022-294	1
10022-350	1
10022-475	1
10022-498	1
10022-582	2
10022-751	1
10022-759	1
10022-860	1
10022-910	4
10022-923	1
100220000	28
100221120	1
100221507	3
100222134	1
100222403	1
100222519	1
100222524	2
100222545	1
100222606	1
100222705	1
100223131	1
100223601	1
100224406	1
100225247	1
100225450	1
100226102	1
100226201	2
100227513	1
100227586	1
100227921	1
100228002	1
10022`	1
10023	8576
10023-149	1
10023-341	1
10023-381	3
10023-463	1
10023-480	1
10023-524	2
10023-580	1
10023-588	2
10023-766	1
100230000	15
100230211	2
100232200	1
100233	1
100233766	1
100233802	1
100234100	1
100234114	1
100234400	1
10023473	1
100235858	1
10024	5910
10024-631	1
1002400	1
100240000	16
100242219	1
100243009	1
100243101	1
100244515	1
100244623	1
100245004	1
100245429	3
100246265	1
100246370	1
100246601	1
10025	8355
10025-141	1
10025000	2
100250000	27
100251724	1
100251802	1
100252803	1
100253612	1
100253851	1
100254786	1
100255007	1
100255204	1
100256038	1
100256828	3
100256946	1
100258401	1
10026	2666
10026-012	3
10026-096	1
100260000	4
100261003	1
100261319	1
100262431	2
100262509	1
100262520	1
100262833	1
100262921	2
10027	5696
10027-078	3
10027-443	3
100270	1
100270000	18
10027125	1
100272130	1
100272862	1
100273729	1
100274201	1
100274237	1
100274412	1
100274906	1
100275025	1
100275237	1
100277125	2
100277221	4
100277406	1
100277446	1
100277629	1
10027{	1
10028	4356
10028-752	1
10028000	1
100280000	8
100280017	3
100280208	3
100281912	1
100282167	1
100282811	1
100282902	3
100283003	1
100286155	1
100287212	1
100288028	1
10028928	1
10029	5742
10029-236	1
10029-723	1
100290000	16
10029101	1
100291729	1
100292267	2
100293289	1
100293578	1
100293701	1
100294024	2
100294101	3
100294104	2
100294655	2
100294916	1
100295501	4
100296129	1
100296217	1
100296810	1
1003	4
10030	1873
10030-060	1
10030-281	1
100300000	11
100301536	1
10031	4327
10031-061	4
10031-222	1
100310000	33
100310610	2
100311510	1
100311714	1
100312501	2
100313	1
100314640	1
100314908	1
100316880	1
100318940	1
10032	3526
10032-021	1
10032-464	1
100320000	23
100321540	1
100321545	1
100321546	1
100321564	1
100323350	1
100325104	2
100325519	1
100326101	1
10033	3320
10033-320	1
10033-620	1
100330	1
100330000	20
100330006	1
100333	1
100333726	1
100334444	1
100335026	2
10033505	1
100335606	1
100337133	1
100338	1
100338526	1
100338615	1
100338627	2
10034	1691
100340000	19
100343203	1
100344304	1
100344604	1
10035	3646
10035-532	4
100350000	12
100351740	1
100352066	1
100353	1
100353532	1
100353608	1
100354	1
100354106	1
100354228	1
100354301	1
100354502	1
100354804	1
100355	1
10036	10675
10036-235	1
10036-260	8
10036-373	1
10036-385	1
10036-420	1
10036-436	2
10036-470	1
10036-500	1
10036-741	2
10036-860	2
10036000	1
100360000	23
100361246	1
100361701	1
100362201	1
100362229	1
100362321	1
100362604	1
100363303	1
100363464	1
100363728	1
100363802	1
100364226	1
100364602	2
100364701	4
100365803	1
100366220	1
100366406	1
100366613	1
100367107	1
100367307	1
10036JOSE	1
10036SAM	1
10037	1426
100370000	5
100370911	1
100373521	1
100373716	1
10038	10146
10038-100	1
10038-106	1
10038-161	1
10038-260	2
10038-370	1
10038-394	2
10038-434	1
10038-439	2
10038-448	1
10038-532	2
100380000	8
100381502	1
100382405	1
100383901	3
100383946	1
100384381	1
100384484	4
100384815	1
100384837	1
100385148	1
10038522	1
100385324	5
10039	1052
10039-183	1
100390000	2
100391503	1
100391806	1
1004	3
10040	1613
10040-080	2
100400000	11
100400806	1
100402217	1
100403327	1
100404141	1
100404211	1
10041	184
10041-329	2
10042	6
1004228	1
10043	5
10044	210
100440002	2
10046	4
100467	1
10047	1
100473	2
10048	58
10049	1
1005	1
10050	10
100504	1
10051	1
10052	2
10053	2
100530	1
100543	1
10055	4
100550	1
10056	5
10057	1
10058	1
10059	2
100597	1
1006	2
10060	2
10061	4
100617	1
10063	3
10064	1
10065	3179
10065-652	2
10065-701	1
10065-816	2
10065-819	1
100650000	8
100655623	1
100655925	1
100656746	2
100656907	2
100657033	1
100657302	1
100657705	1
100658014	1
100658165	2
100658175	1
100658203	2
100658314	1
10066	2
10068	1
10069	145
1007	7
100708	1
10072	2
10073	1
10075	921
100750000	14
100750110	1
100750174	1
100752394	1
10076	1
10078	2
1008	2
10080	1
10081	8
10083	1
1008419	1
10085	3
10086	2
10087	2
1009	1
100909	1
100912	1
1009216	1
10094	1
100950	1
10096	3
10098	1
100991	1
100`18	1
101	1
1010	1
10100	2
10101	97
10101-155	15
101010	1
101021	1
10103	389
101030001	2
10104	4
101042	1
10105	19
10106	202
10106-249	1
101060001	1
101063	1
10107	193
10107-020	1
10107-250	1
10108	24
10109	2
1011	1
10110	51
101102402	1
101103899	1
101105500	1
10111	42
101110196	1
101113	1
101114	1
101116	4
10112	2
101128	1
10113	28
10114	1
10115	33
10115-001	1
10116	813
10116-037	1
10116-191	13
10116-192	2
10116-196	2
10116-745	4
101161919	3
101161920	3
10117	2
10118	136
10118-690	2
101180110	1
10119	282
10119-000	1
10119-419	7
101190002	1
101194199	5
1012	2
10120	21
10121	4
101218	1
10122	76
101220049	1
10122049	1
10123	173
10124	1
10125	2
10126	1
10127	1
1012799	1
10128	3890
10128-000	1
10128-114	1
10128-517	1
101280000	14
101280509	1
101280718	1
101282000	1
101282315	1
101283459	1
101283663	1
101283984	2
10129	1
1013	2
101312	1
101314	1
10138	3
1014	1
10140	1
1014260	1
10149	1
101498	1
1014986	1
10150	146
10150-054	1
101505250	1
10151	37
10152	24
10153	52
10154	157
101540004	1
101543	1
10155	208
10155-000	4
10155-160	1
101550002	4
101550012	2
10156	151
10156-024	1
10156-175	1
101561755	1
10158	13
10159	49
101590	1
101596	1
1016	2
101601	1
10161	2
10162	11
10163	167
10163-136	1
10163-307	1
10163-342	1
10163-435	1
10163-442	2
10165	154
10165-000	1
10165-171	2
101650000	1
101650006	1
10165006	1
10166	39
10167	29
10168	135
10168-310	2
10168-471	2
10168-490	2
101684901	1
10169	40
10170	149
101700999	1
10171	4
10172	16
101720003	1
10173	19
10174	29
10175	25
10175799	1
10176	27
10176-500	1
101760001	1
10177	52
10178	15
10179	2
1018165	1
10185	74
10185-251	2
10188	1
1019	1
10195-251	1
10196	1
10199	2
10200	2
10201	9
10203	9
1020351	1
10204	5
10205	2
10207	2
10208	3
1021	1
10211	1
10213	1
10214	2
10216	1
10222	3
10228	1
1023	1
10230	3
102318	1
10233	1
10234	1
1025	1
10252	1
10258	1
10259	5
10260	1
10262	1
10268	3
1027	1
10270	4
10271	32
10271-399	1
102710002	1
10272	103
10272-096	14
10274	11
10276	60
10276-115	1
10276`	1
10277	1
10278	23
10279	18
10280	352
10280-105	1
102800000	1
10281	203
10282	136
10282-124	1
10286	14
102903	4
10292	3
103	9
103-0516	2
1030	1
1030-3944	1
10300	12
10301	4609
103010000	6
103012437	1
103012510	2
103012648	1
103013221	1
103013415	1
103014403	1
103014404	1
103014639	1
10302	2310
10302-045	1
103020000	3
103021212	1
103021318	1
103022302	1
10303	2338
10303000	1
103030000	3
103031408	1
103031707	1
103031751	1
103032213	1
103032401	2
103032484	1
103032509	2
103032510	1
103032655	1
10304	5246
103040000	6
103041130	1
103041300	2
103041528	1
103041632	1
103041701	1
103041816	1
103042057	1
103042511	1
103042929	1
103043371	1
103044653	1
10305	4883
10305-000	3
103050000	8
103051306	1
103051310	1
103051442	1
103051518	1
103051936	1
103051998	1
103052985	1
103053	1
103053545	1
103053743	1
103053802	1
103054217	1
10306	5140
103060000	5
103062902	1
103062912	1
103063434	1
103064060	1
103065510	2
103065809	1
103065840	1
103066016	1
103069	1
10307	1921
103071126	1
103071705	1
103071706	1
103071811	1
103071815	1
10308	2142
10308-043	1
103080000	2
103081106	1
103081812	1
103081934	1
103083332	1
10309	4120
10309-036	1
103090000	4
103091147	1
103091214	2
103091505	1
103091606	1
103091992	1
103092226	1
103092739	1
103092802	1
103092917	1
103093221	1
103094323	1
103096	1
1031	1
10310	2530
103100000	4
103101210	1
103101308	1
103101510	1
103102221	1
103102306	1
103102311	1
103102324	1
10311	1
10312	5815
10312-652	1
103120000	6
103121314	1
103121425	2
103121501	1
103121958	1
103121971	1
103122009	1
103122203	1
103122342	1
103122818	1
103123802	1
103123815	1
103124077	1
103124829	1
103126068	1
103126103	1
103126351	1
103126409	1
103126419	1
103126513	1
103126519	1
10313	26
10314	7927
10314-012	1
10314-071	2
10314-599	1
103140000	8
103142502	2
103143231	1
103143305	1
103143513	1
103143714	1
103143728	2
103144217	1
103144421	1
103144848	2
103144919	1
103145361	2
103145670	1
103146029	1
103146034	1
103146207	1
103146228	1
103146312	1
103146756	1
103146944	1
10315	3
10316	1
10319	1
103202	1
10322	1
10323	1
10324	1
1033	1
10330	2
10338	4
10341	1
103426	1
10350	2
10352	1
103530	2
10354	1
10357	1
10358	1
1036	1
10360	5
10370	1
10383	2
10390	1
10391	2
104	3
104-003	1
104-0032	2
1040	1
10400	1
10401	2
10402	2
10403	13
10404	2
10405	3
10406	1
10407	14
10408	1
10409	1
10412	1
10413	2
10417	3
1042	1
10420	2
10421	2
10423	5
10424	3
10425	1
10426	1
10428	1
1043	1
10431	7
10432	4
10433	2
10435	1
10436	3
10437	1
10438	1
10445	3
10449	1
10450	15
10451	3524
10451-012	1
10451-091	1
10451-170	1
10451-399	1
10451-560	2
104510000	13
104510029	2
104512405	2
104513903	1
10451600	1
104516302	1
10452	3496
10452-951	2
104520000	37
1045201	1
1045205	1
104521	1
104521503	1
104521758	3
104522011	2
104524251	1
104526059	1
104527450	1
104528146	3
104528733	1
104529028	2
104529512	1
10453	4401
104530000	18
104531815	1
104533303	1
104534243	1
104534712	1
104534801	1
104534917	2
104535316	2
104535645	1
104536602	1
104536825	1
104536847	1
104536859	1
104537071	1
104537115	1
104537735	1
104537905	1
104537948	1
104538012	1
10454	3198
104540000	7
104541	1
104541305	2
104543	1
104543065	1
104544144	1
10455	2554
10455-087	1
10455-305	1
104550000	10
104551103	1
104551304	1
104551735	1
104551813	1
104553340	1
104554810	1
104556	1
10456	4405
10456-101	1
104560000	16
104562404	1
104562708	2
104564145	3
104564206	1
104564616	1
104564742	1
104566541	1
104566713	1
104567	1
10457	6243
10457-062	1
10457-256	1
104570000	18
104570827	1
104571407	1
104573517	1
104573956	1
104573967	2
104577137	1
104577405	1
104577626	1
104578016	1
104578626	1
10458	5763
10458-016	1
10458-071	2
10458-821	1
10458000	1
104580000	30
104580713	1
1045813	1
104581620	1
104582365	1
104582427	1
104582610	1
104583629	1
104584219	1
104584500	1
104584605	2
104584821	2
104584824	1
104584914	1
104585108	1
104585204	1
104585930	1
104588742	1
10459	3474
10459-385	1
10459000	1
104590000	16
104591415	1
104591605	1
104591914	1
104592433	1
104592915	1
104593803	4
104593927	1
104594509	1
10460	4102
10460-214	1
10460-436	1
1046000	1
104600000	33
104601106	1
104601123	1
104602433	1
104602715	2
104603227	1
104603520	2
104603523	1
104604435	1
104604627	1
104605015	1
104605752	1
10461	6195
10461-009	1
104610	1
104610000	14
104611243	1
104611604	1
104612801	1
104612811	1
104613	1
10461304	1
104613113	1
104613136	1
104614024	1
104614623	1
104615306	1
104616115	1
104616156	1
10462	7301
10462-371	1
10462-680	1
104620000	12
104622851	2
104623364	3
104623510	1
104623602	1
104623713	2
104623931	1
104624359	1
104624403	1
104624956	1
104624995	1
104625142	1
104625415	2
1046255	1
104625650	1
104625703	2
104626202	1
10463	6192
10463-059	4
10463-200	3
10463-400	1
104630000	10
104630590	1
104632222	1
104632329	1
104632351	1
104632410	2
104634503	1
10463500	1
104635500	3
104635622	1
104636706	1
10464	650
10464554	1
10465	4527
10465-062	2
10465-355	1
104650000	7
104651110	2
104651647	1
104651813	1
104651951	1
104653330	1
10465424	1
10466	6387
10466000	1
104660000	6
10466016	2
104660315	1
10466104	2
104661314	1
104662116	1
104663109	1
104663803	1
104663934	1
104664915	1
104667	1
10467	8491
10467-570	2
10467-900	3
10467-925	1
1046700	1
104670000	38
10467105	1
10467110	1
104671120	1
104671806	1
104672401	1
104673803	1
104674105	1
104674139	1
104674504	1
104675817	1
104676250	1
104677203	1
104677404	2
104678032	1
104678102	1
104678836	1
104679000	2
10468	4499
10468-012	3
104680000	27
104681138	2
104681150	2
104681310	1
104681345	1
104682554	1
104683001	3
104683148	1
104684041	1
104685647	1
104686800	1
10468838	1
10469	6724
10469-016	2
10469-306	1
104690000	5
104692622	1
104692805	1
104693134	1
104694110	1
104695407	1
104695909	1
104696132	1
104696240	1
10469633	1
1047	2
10470	1686
10470-011	1
10470-019	2
104700000	5
104700266	1
104700333	1
104700912	1
10471	2511
10471-004	2
10471-012	2
10471-040	1
10471-190	1
104710000	6
104711002	1
104711602	1
104713911	1
10472	5098
104720000	12
10472009	1
104720962	1
104721708	1
104722109	1
104723944	2
104724903	1
10473	3775
10473-007	1
10473-202	2
104730000	9
104731339	2
104732018	1
10474	2371
104740000	5
104746342	1
104746442	2
104746452	6
10475	1887
10475-024	1
10475-382	1
10475-497	1
104750000	2
10475317	1
104755511	1
10476	3
10477	4
10478	1
10479	2
10480	19
10482	1
10483	1
1048489	1
10485	2
10486	2
10487	1
10489	2
10493	1
10500	2
10501	22
10502	132
105022248	1
10503	23
105030	1
10504	86
10504-202	1
10504-281	1
10505	16
10505-062	1
10506	89
105061914	3
10507	27
10508	1
10509	124
10509-000	1
10510	69
105101	1
10511	2
10512	62
10513	1
10514	39
10515	1
10516	8
10517	2
10518	2
1051869	1
1052	1
10520	35
10522	62
10523	315
10523-150	3
105233832	1
10524	13
10525	3
10526	39
10526-121	1
10527	5
10528	385
10528-120	1
10528-211	2
105281613	1
10529	2
1053	3
10530	1137
10530-006	5
10530-116	1
10530-193	1
10530-194	1
10530142	1
105301932	2
10531	3
10532	49
10532-040	1
105321526	1
10533	29
10535	9
10536	52
105363434	1
10537	3
10538	578
10538+	1
10538-303	2
105383	1
105383031	1
105383048	1
105383507	1
10539	1
1054	1
10540	4
10541	90
10541-480	2
10541313	1
105414808	1
105414824	1
10542	1
10543	1088
10543-060	1
10543-210	3
10543-261	2
10543-262	2
10543-515	1
105430	1
105432607	1
105433406	2
10545	4
10546	27
10547	16
10548	16
10549	115
10549-190	1
10550	1370
10550-125	1
10550-172	1
10550-173	2
10550-174	1
10550-185	3
10550-276	1
10550-300	10
10550-350	2
10550-491	1
10550-500	5
105500	1
1055002	1
105501859	1
105504516	1
10551	4
10552	238
10552-183	3
105521149	1
10553	324
10553-193	1
105530	1
105531	2
105531509	1
10555	1
105550	1
105553	1
10556	5
10558	2
10560	41
105603423	1
10562	62
10563	3
10565	3
10566	49
10567	108
10567-6	1
10568	1
10570	116
105703010	1
105708	2
10573	366
10573-380	5
105733809	1
10575	2
10576	15
10577	168
10577-004	1
10577-221	1
10577-253	7
105772544	1
10578	2
10579	37
10579-181	1
1058	1
1058-5724	1
10580	154
10580-295	1
10580-350	1
105801437	1
10581	1
10582	2
10583	2123
10583-103	1
10583-120	1
10583-141	1
10583-230	1
10583-314	2
10583-377	2
10583-474	1
10583-514	6
10583-553	3
10583-671	1
10583-790	1
10583-863	1
10583-870	3
105831202	1
10583242	1
105832914	1
105835033	1
105835143	5
105835570	1
10585	9
105853	1
1058657	1
10587	2
10588	15
10589	19
105892903	1
10590	17
105902109	1
10591	315
10591-394	1
105915521	1
105915535	1
10593	5
105931900	2
10594	37
10594-152	1
10595	36
10596	9
10597	2
10598	114
105983	1
10599	5
105XX	1
10601	573
10601-331	1
106011711	1
106011911	1
106012	1
10602	74
10603	210
10603-203	1
106031683	1
106033254	1
106037	2
10604	244
10604-120	1
10604-291	1
10604-354	5
10604-360	1
10604`	1
10605	322
10605-131	1
10605-303	1
106051440	1
106054216	1
106055224	1
10606	193
10606-195	1
106061952	1
10607	109
10607-131	1
10608	2
10609	1
1060906	1
10610	1
10611	1
10616	2
10618	2
106228	1
106307	1
10636-260	1
1064129	1
10645	1
1065021	1
10652	2
10658	2
10663	2
10673	1
10677	1
10691	1
10694	1
107	1
107 0	1
1070	6
10700	1
10701	577
10701-321	2
10701-350	1
10701-441	1
10701-534	3
10701-611	3
10701-631	1
107010	1
107011	1
107013	1
10702	32
107024	1
10703	599
107032	1
10703P	1
10704	1384
10704-093	1
10704-101	2
10704-156	11
10704-221	1
10704-256	2
10704-387	1
10704-431	1
107040848	1
107041010	2
107042635	1
107042659	1
107043847	2
10705	542
10705-360	1
10705-452	3
107056	1
107056203	1
10706	39
107065	1
10707	115
10707-370	1
107072	1
107078	1
10708	533
10708-203	1
10708-342	2
10708-343	1
10708-701	3
107080733	1
10708332	2
107083426	1
107083430	2
107087014	1
10709	241
10709-171	4
10709-281	1
10709-312	3
107093124	1
107093625	1
10710	838
10710-113	5
10710-261	1
10710-531	2
10710-601	2
107100186	1
107100311	1
107101	1
107101135	1
107101309	1
107102	2
107104620	1
107105319	1
107106018	1
10714	2
10716	2
10718	1
10719	2
10720	1
107208	1
1073	1
107310	1
1073814	1
10740	2
10741	1
1074675	1
10750	2
10752	3
10754	1
10759	1
107603	1
107607	1
107610	1
10763	2
107632	2
10765	3
107652	1
10767	1
107728	1
1077609	1
10777	1
10780	2
107808	1
1079006	1
1079148	1
10794	1
10795	1
10800	1
10801	2034
10801-236	1
10801-340	9
10801-416	3
10801-520	1
10801-523	8
10801-639	2
10801-682	2
10801-714	1
10801-811	1
10801200	1
108013400	4
108013516	2
108015200	5
108015236	2
108016324	2
10801L.,E	1
10802	17
10803	385
10803-125	1
10803-213	3
108033105	1
10804	243
10804-001	1
10804-011	1
10805	130
10805-251	1
10807	9
10808	3
10810	25
10811	1
10817	2
10821	3
10824	1
10830	3
10837	1
10849	1
1085	1
10850	1
10851	3
10852	2
10853	4
10860	1
108603	1
10861	2
1087143	1
108742	1
1087464	1
10877	2
1088162	1
10885	1
10901	442
10901-391	1
10901-394	1
10901-510	3
10901-811	1
109013232	1
10902	1
1090204	1
1090387	1
109041	1
10905	3
109050	1
1090579	2
10906	1
10909	1
10910	1
10911	1
10913	43
10914	3
10916	30
10916-260	3
10918	12
10920	70
10920-205	1
10921	12
10922	3
10923	9
10924	17
10925	39
10926	41
10926-074	3
10927	12
10928	6
10930	13
109302116	1
10935	3
10936	1
10940	36
109406409	1
10941	20
10941-167	3
10944	3
10949	8
1095	1
10950	730
10950-290	1
10950-294	2
10950-297	1
10950-540	8
10950-609	8
10950-626	2
10950-647	11
109503812	2
10951	10
10952	970
10952-015	1
10952-044	3
10952-095	1
10952-252	3
10952-254	2
10952-281	1
10952-285	1
10952-305	2
10952-339	1
10952-382	1
10952-402	2
109520200	2
109520955	1
109522610	3
109522836	1
10953	3
10954	127
10954-293	1
10954-296	2
109541929	1
10956	398
10956-027	2
10956-066	2
10956-134	4
10956-150	5
10956-200	3
10956-585	1
10956-670	1
10956-854	1
109560120	2
109560196	1
10956050	2
10957	1
10958	2
10959	4
10960	293
10960-491	4
109604913	1
10961	1
10962	103
10963	3
10964	15
10964-059	1
10965	79
10965-128	1
10965-201	2
109651142	1
10966	1
10968	5
10969	1
10970	145
10970-049	4
109703529	1
10972	2
10973	2
10974	1
10976	2
10977	413
10977-061	1
10977-065	2
10977-61	2
109773806	1
109777	2
10980	62
10980-344	1
10981	3
10982	97
10982-019	3
10982-072	2
10982-095	3
109820957	1
10983	49
10983-100	1
109831739	1
109831810	2
10984	3
10986	4
10987	17
10989	65
10989-20	2
10990	27
10990-235	1
10991	1
10992	10
10993	14
10994	70
109941739	1
10998	3
10999	1
11	7
11000	7
110001	2
110003	1
110004	1
11001	1943
11001-143	1
11001-146	1
11001-154	1
11001-195	1
11001-197	2
11001-201	2
11001-210	1
11001-214	1
11001-216	2
11001-274	2
11001-279	1
110010	1
110011	1
110011403	1
110012017	1
110016	3
110017	1
11001POST	1
11002	77
11002-015	1
11002-044	3
110023	1
11003	918
11003-064	1
11003-124	3
11003-162	2
11003-171	1
11003-272	1
11003-360	1
11003-391	1
11003-400	5
11003-460	1
11003-474	3
11003-501	1
110031403	1
110034144	2
110038	1
11004	1744
11004-029	3
11004-104	1
11004-121	1
110040000	1
110041110	1
110041199	1
110041544	2
110041754	1
110042	1
11005	132
11005-104	1
110050000	2
11006	2
11007	3
11008	1
11009	1
1101	8
11010	210
11010-1	3
110101741	2
11011	21
11012	6
110121	1
11013	2
11014	2
11015	1
11016	8
11017	3
11018	1
11019	6
1102	4
11020	464
11020-104	4
11020-105	1
11020-122	1
11020-131	1
11020-140	3
11020-155	1
11020-170	2
110201	3
110201226	1
110201817	1
11021	5861
11021-124	5
11021-140	2
11021-144	4
11021-182	2
11021-221	4
11021-230	6
11021-231	4
11021-241	2
11021-244	1
11021-270	1
11021-281	2
11021-300	7
11021-301	3
11021-310	2
11021-311	5
11021-313	8
11021-320	1
11021-321	5
11021-325	3
11021-330	9
11021-331	2
11021-333	1
11021-334	10
11021-335	3
11021-350	1
11021-390	1
11021-400	1
11021-405	1
11021-420	17
11021-422	2
11021-423	4
11021-430	2
11021-431	1
11021-433	2
11021-470	2
11021-480	2
11021-482	1
11021-501	1
11021-503	9
11021-510	2
11021-531	2
11021-532	1
11021-540	7
110210	3
110211	1
110211202	1
110211712	1
110212213	2
110212417	1
110212419	1
110212706	1
110212810	2
110213000	2
110213006	1
110213030	1
110213036	1
110213104	1
110213108	4
110213252	1
110213307	1
110213309	2
110213340	1
110213356	1
110214	1
110214234	1
110214309	2
110214704	1
110214805	1
110215030	1
110215034	1
110215102	8
110215107	1
110215405	1
11022	282
11022-010	1
11022-206	1
11022-214	3
110221	1
11023	1363
11023-002	9
11023-003	1
11023-143	1
11023-144	1
11023-150	1
11023-153	1
11023-170	2
11023-181	1
11023-182	1
11023-192	3
11023-201	1
11023-202	3
11023-243	2
11023-404	2
11023-444	1
11023-451	1
11023-455	1
11023-469	1
110230	1
110230036	1
110230146	1
110231320	3
110231430	1
110231928	1
110232018	1
11024	862
11024-121	2
11024-152	1
11024-154	3
11024-160	1
11024-172	1
11024-201	1
11024-212	2
110241	1
110241123	1
110241237	1
110241460	1
110241622	1
11025	4
1102550	1
11026	6
11027	18
11028	1
11028-444	1
11029	3
1103	6
11030	1361
11030-090	2
11030-131	1
11030-180	1
11030-183	1
11030-197	1
11030-222	2
11030-223	1
11030-230	1
11030-353	1
11030-370	1
11030-371	1
11030-394	1
11030-401	2
11030-410	5
110301033	1
110301806	1
110302230	2
110302620	1
110303	1
110303006	1
110303222	1
110303227	4
110303704	1
110304103	2
110304106	1
11030POST	1
11031	3
11033	9
110335	1
11035	4
11036	4
11037	1
11038	2
11039	1
1104	3
11040	2407
11040-1	1
11040-104	2
11040-110	1
11040-114	5
11040-120	1
11040-122	4
11040-123	1
11040-170	1
11040-183	1
11040-2	1
11040-240	2
11040-243	2
11040-281	2
11040-385	2
11040-431	1
11040-432	1
11040-580	1
11040-8	1
11040-854	3
110400000	1
110400801	2
110401	3
110401147	1
110401221	2
110401530	1
110401708	7
110401780	1
110402	1
110402147	1
11040243	1
110403601	1
110404	2
110404117	1
110404245	1
110404325	1
110405801	2
11041	4
11042	1230
11042-1	1
11042-101	1
11042-102	4
11042-103	2
11042-120	5
11042-204	1
11042-206	1
110421005	1
110421016	1
110421020	1
110421032	1
110421038	1
110421205	1
11043	4
11044	1
11045	2
11046	9
110461	1
11047	2
11048	6
1105	4
11050	856
11050-1	2
11050-4	1
11050-7	1
11050166	1
110502	1
110503	4
110504705	1
11052	1
11053	4
11054	1
110550	1
11056	11
11058	1
110583	1
11059	1
110598	1
1106	2
11060	1
11063	1
11064	1
11068	1
11069	2
11070	3
11073	1
11076	1
11080	3
11080-152	1
11081	5
11083	1
11084	2
11085	1
11087	1
11090	7
11091	1
110918	1
11092	2
11094	2
11095	2
110952	2
11096	496
11096-183	2
110962080	1
111-3	1
11100	6
111001	2
11101	16225
11101-211	1
11101-212	1
11101-280	1
11101-434	2
11101-490	2
11101-585	1
11101-680	2
11101-839	2
111010000	22
111011023	1
111011064	1
111011605	1
111012112	2
111012909	1
111013068	1
111013134	1
111013814	1
111014906	1
111015142	1
111015410	1
111015719	1
111015786	1
111015879	1
111016106	1
111017005	1
11101Q	1
11102	4368
111020000	6
111021	8
111023047	1
111023720	1
111023842	1
111024	1
111024510	1
111024599	1
11103	5730
11103-020	1
11103-404	1
11103-405	1
11103-417	2
11103-418	1
11103-466	8
111030000	16
111031212	1
111031643	2
111032226	2
111032553	1
111032555	1
111033103	1
111033844	1
111033932	3
111034137	1
111034333	1
111034662	1
11103841	1
11104	2150
111040	3
111040000	9
111040616	1
111041022	1
111041545	3
111041702	1
111042	2
11105	5299
11105-229	1
11105-360	1
11105-520	1
111050000	14
111051402	1
111052039	1
111052213	2
111052601	1
111053420	1
111053629	1
11106	5404
11106-	1
11106-260	1
11106-423	1
111060000	8
11106015	1
111060313	1
111061111	8
111061186	1
111061356	1
111061902	1
111063411	1
111064283	1
111064928	1
11107	28
11108	6
11109	33
111101	2
111103	1
11111	11
11113	1
11117	1
11120	6
111206	2
111207	1
11121	1
111218	1
111219	3
11122	1
111230	1
111235	3
111237	1
11125	2
11126	1
11128	1
11129	5
1113	1
11130	1
111320	1
11133	1
11134	1
11135	1
111354	2
11136	1
11137	4
111370	2
111372	1
111375	1
11140	2
111412	1
111417	1
111421	1
111423	1
111428	1
11143	2
111432	2
111433	1
111435	1
11148	1
1115	1
111501	1
111516	1
11156	1
11157	2
111572	1
111577	1
11158	7
111580	1
11159	2
111590	1
111598	1
11161	1
11168	1
111691	1
111694	1
11170	1
111710	1
111716	1
111717	1
11172	4
11174	5
111746	1
11175	1
111756	2
111758	1
11176	1
111779	1
111780	1
111783	1
111791	1
1119	1
111901	1
11191	3
11194	1
11195	2
112	13
1120	2
11200	25
11201	11434
11201-103	1
11201-110	1
11201-112	1
11201-287	1
11201-387	2
11201-388	1
112010000	19
112011000	1
112011110	2
112011134	1
112011206	1
112011322	1
112011550	1
112011713	3
112011772	1
112013551	2
112013609	1
112013875	2
112014059	2
112014306	1
112014503	3
112014881	1
112015	1
112015204	1
112015291	2
112015585	1
112015713	1
112016228	1
112016245	1
112016311	1
112016326	1
112017507	1
112017713	1
112019750	1
11201POST	1
11202	201
11202-048	2
11202-161	1
11202-430	1
11202-555	2
11202-648	1
112021	2
11203	6994
11203-100	2
11203-145	3
11203-180	1
112030000	17
112031209	2
112031211	1
112031702	1
112032703	1
112033005	1
112034201	1
112034701	1
112034712	1
112035103	1
112035426	1
112036510	1
11204	12648
11204 .	1
11204-001	1
11204-008	1
11204-021	2
11204-024	11
11204-030	2
11204-031	2
11204-120	4
11204-140	3
11204-142	2
11204-475	1
11204....	1
112040	1
11204000	1
112040000	10
112040228	1
112040245	1
112040313	4
112041051	1
112041134	1
112041214	1
112041226	3
112041259	3
11204155	1
112041928	2
112042027	5
112042303	1
112043527	1
112044750	1
112045202	1
112045531	1
112045636	2
112045744	1
112045749	1
112046045	1
112048	1
112049	3
11204N	1
11205	9111
11205-026	1
11205-154	1
11205-156	5
11205-562	1
11205.	1
112050	1
112050000	28
112051103	1
112051116	1
112051208	2
112051507	1
112052201	1
112052306	1
112052403	2
112052636	1
112052708	1
112054906	1
112055503	1
11206	8870
11206-659	1
11206-751	1
112060000	21
112061201	1
112061736	1
112062005	1
112062007	1
112062013	1
112062962	3
112063323	1
112063702	1
112063709	1
112063813	1
112063823	1
112064106	1
112065142	1
112065216	1
112065424	1
112066002	1
112066024	1
112066140	1
112066802	1
112067003	1
11207	9765
11207-046	1
11207-141	1
11207-252	1
11207-254	1
11207-422	1
112070000	24
112070423	1
112071027	1
112071506	1
112071609	1
112071833	1
112072413	1
112072602	1
112072640	1
112072713	1
112072714	1
112073105	1
112073315	2
112073320	1
112073611	1
112073809	1
112074101	1
112074605	1
112075313	1
112076105	1
112077011	1
11207{	1
11208	9558
11208-000	1
11208-001	3
11208-006	1
11208-034	5
11208-374	1
11208-395	1
11208-521	2
112080000	22
112081236	1
112081247	1
112082131	1
112082301	1
112082819	1
112082824	1
112083229	1
112083531	1
112083614	2
112084421	1
112084830	1
11209	6878
11209-043	1
11209-124	1
112090000	17
112092357	1
112092612	1
112093002	1
112093103	1
112093107	1
112093303	1
112093330	1
112094010	1
112094407	5
112094611	1
112095612	1
112095907	1
112096049	1
112096305	1
112096814	1
112097717	1
1121	3
11210	9011
11210-031	1
11210-074	1
11210-081	4
11210-233	1
11210-293	3
11210-360	1
11210-416	2
112100000	6
112101	1
112102259	1
112102328	1
112102329	1
112102428	1
112102551	1
112102938	2
112103915	1
112104822	1
112105450	1
112107	1
11211	21634
11211-037	2
11211-038	1
11211-048	2
11211-052	2
11211-055	3
11211-485	4
11211-625	4
11211-626	2
11211-627	1
11211-630	1
11211-647	1
11211-649	1
11211-660	1
11211-689	1
11211-754	2
11211-757	5
11211-812	1
11211-851	6
11211-891	29
112110000	37
112110348	1
112110380	1
112111	2
112111243	2
112111414	1
112111859	2
112112128	1
1121122	1
112112305	1
112112325	1
112112405	1
112112707	1
112114002	2
112114178	1
112114904	2
112115906	2
112115922	1
112115927	1
112116	1
112116031	2
112116062	1
112116250	1
112116277	1
112116499	1
112116620	2
112116752	1
112117104	2
112117106	1
112117414	1
112117474	1
112117524	1
112117609	1
112117612	1
112117700	1
112117703	1
112117866	1
112117904	1
112118036	3
112118120	1
112118511	5
112118919	16
11211UUUU	1
11212	4656
11212-193	1
112120000	20
112123387	1
112123929	1
112125001	2
112125539	2
112125640	4
11212937	1
11213	5515
11213-005	1
11213-016	1
11213-018	2
11213-350	1
11213-433	2
11213-465	1
112130000	21
112131050	2
112131729	1
112132318	1
11213237	1
112132808	1
112133306	1
112133402	2
112134037	1
112134043	1
112134549	1
112134901	1
112135328	1
112135513	1
112135618	1
11214	7750
11214-363	1
11214-370	1
11214-508	1
11214-532	1
11214-603	1
112140000	14
112140230	1
11214115	1
112141212	1
112141807	1
112142507	1
112142668	1
112142807	1
112142841	2
112142912	1
112143354	1
112143612	1
112143702	1
112143738	1
112143813	2
112144401	1
112144412	1
112144506	1
112144571	1
112144586	1
112144606	1
112145205	1
112145824	1
11215	7218
11215-120	1
11215-470	1
11215-480	1
11215-668	5
112150	1
112150000	11
112151104	1
112151119	1
112151309	1
112151814	1
112152201	1
112153009	1
112153347	1
112153655	1
112154038	1
112154083	1
112154321	1
112154806	1
112155300	1
112155310	1
112156413	2
11215706	1
11216	5937
11216-013	1
11216-023	1
11216-110	1
11216-223	4
11216-263	1
11216-440	4
112160000	32
112161001	1
112161223	2
112161311	1
112161615	2
112161810	1
112162635	2
112163512	1
112163763	1
112163861	1
11217	5009
11217-417	1
11217000	1
112170000	11
112171021	1
112171510	1
112171925	1
112172216	1
112172251	7
112172737	1
112173112	1
112173427	1
112174452	1
11217910	2
11218	12042
11218-021	2
11218-026	5
11218-134	1
11218-135	1
11218-193	2
11218-313	1
11218-375	1
11218-376	7
11218-901	12
112180000	12
112181603	1
112181937	1
112182042	1
112182200	3
112182207	1
112182255	1
112182567	1
112182609	1
112183115	1
112183151	1
112183301	1
112183316	1
112183610	2
112183709	1
112183750	1
112183765	2
112183801	1
112184105	1
112184501	2
112185309	1
112185501	1
112185607	1
112185716	1
11219	19793
11219  ==	1
11219-015	1
11219-016	2
11219-022	1
11219-030	1
11219-031	7
11219-032	1
11219-033	1
11219-035	5
11219-038	3
11219-043	10
11219-062	1
11219-072	4
11219-075	7
11219-077	1
11219-160	8
11219-252	2
11219-376	1
11219-380	1
11219-472	2
11219-709	1
11219-805	1
112190	2
112190000	27
11219011	1
112190533	1
112190727	1
112190772	1
112190820	1
112191035	1
112191337	1
112191374	1
112191629	3
112192028	1
112192244	1
112192502	1
112192514	1
112192529	2
112192642	1
112192757	1
112193011	4
112193162	1
112193167	1
112193211	1
112193823	1
112193857	1
112193909	1
112193945	1
112194017	1
112194139	1
112194408	1
112194449	1
112195214	1
112195870	2
112196232	1
11219820	1
11219MRS.	1
1121`5	1
1122	1
11220	9427
11220-154	1
11220-246	1
112200000	25
112201010	1
112201363	1
112201512	1
112202012	1
112202214	1
112202239	1
112202815	1
112202910	1
112202923	1
112203	2
112203108	2
112203120	1
112203151	1
112203515	1
112203814	1
112203900	1
112203903	2
112203915	1
112203917	1
112204104	1
112204822	1
112205012	1
112205108	3
112205829	1
112207039	1
11221	8957
11221-079	2
11221-230	3
11221-499	4
112210000	28
112211	1
112211203	1
112212016	1
112212384	1
112212404	1
112212482	1
112212504	1
112214169	1
112214568	1
112215111	1
112219	1
11222	7547
11222-009	1
11222-189	2
11222-249	1
11222-616	1
112220	2
112220000	13
112221504	1
112222	1
112222025	1
112222078	1
112223412	1
112223601	3
112223919	2
112224102	1
112225832	1
11223	10375
11223-401	1
112230	1
112230000	18
112231148	1
112231626	2
112231925	1
112231930	1
112232550	2
112232559	1
112233221	1
112233331	1
112234132	1
112236343	2
11224	2923
112240000	16
112241022	1
112241278	1
112249993	1
11225	5710
11225-266	1
112250000	14
112250016	1
112251272	1
112252668	2
112252869	1
112253023	1
112253132	1
112255504	1
11226	6302
11226-114	1
11226-185	1
11226-301	1
11226-523	1
11226-741	1
112260000	31
112261280	1
112261556	1
112261676	1
112261805	1
112261877	1
112262080	2
112262369	1
112263180	1
112263303	1
112263604	1
112264773	1
112265344	1
112265871	1
112266899	1
112267051	1
112268037	1
112268305	1
11227	38
11228	4507
11228-025	2
11228-110	1
112280000	8
112281009	1
112281051	1
112281104	1
112281107	1
112282213	1
112283108	1
11229	8721
11229-011	1
11229-023	2
11229-030	1
11229-062	1
11229-186	1
11229-394	3
11229-707	1
112290000	14
112290012	1
112291145	1
112291146	3
112291527	1
112292148	1
112292451	1
112292501	2
112292530	1
112292547	1
112293303	1
112293307	1
112293712	1
112294103	2
112294204	1
112294748	4
112294953	1
112296373	2
11229MR.	1
1123	1
11230	12623
11230-044	5
11230-045	1
11230-046	9
11230-048	1
11230-053	4
11230-069	5
11230-079	3
11230-520	2
11230-585	2
11230-646	2
11230-712	1
112300000	23
112300040	1
112300283	1
112300387	2
112300462	2
1123006	1
112300791	1
112300===	1
112301400	1
112301402	1
112301404	2
112302109	1
112302918	1
112303321	1
112303514	1
112303864	1
112304102	1
112304111	1
112304713	2
112304718	2
112305108	3
112305657	2
112305849	2
112305961	1
112306401	1
112306505	4
112307402	2
11231	5327
11231-141	1
11231-313	1
112310000	10
112311245	1
112311442	1
112314412	1
112315021	1
11232	5641
11232-019	1
11232-190	1
112320000	8
112321013	1
112321416	1
112321902	2
112323001	1
112323505	1
112323608	1
112323903	1
112324102	1
112324400	1
11233	6836
11233-504	1
11233-663	1
112330000	16
112331299	2
112331302	1
112331400	1
112332117	2
112332304	1
112332314	1
112332535	1
112332630	1
112333	1
112333091	1
112333125	1
112334269	1
112335266	1
11234	10073
11234-036	1
11234-081	1
11234-333	1
112340000	15
112340260	1
112341201	1
112341621	2
112342016	1
112342203	1
112342245	1
112342303	2
112342411	1
112342616	1
112343202	1
112343214	1
112343315	1
112343409	1
112343713	1
112344023	1
112344619	1
112344819	2
112344826	1
112346308	2
112346811	1
112346836	1
11235	9517
11235-010	1
11235-019	1
11235-490	2
11235-501	1
11235-717	1
11235-787	1
11235-887	1
112350000	24
1123501	1
112351014	1
112351130	1
112351455	1
112351601	4
112351602	1
112351724	1
112352014	1
112352418	1
112352652	1
112353002	1
112353201	1
112353704	1
112353726	1
112354206	1
112355204	1
112356406	2
112356702	1
112356754	1
112357151	2
112357153	1
11235910	1
11236	6261
11236-461	1
112360	1
112360000	11
112361009	1
112361028	1
112361227	1
112361244	1
112362609	1
112363059	1
112363120	1
112363827	1
112364243	2
112364255	1
112364314	1
112364629	1
112364811	1
112364828	1
112364829	1
112365	1
112365102	1
112368	1
11237	5140
112370000	24
112371006	1
112371312	1
112371523	1
112371614	1
112371654	1
112371830	1
112371934	2
112371953	1
112372315	1
112372337	1
112372361	1
112372608	3
112373149	1
112373459	1
112373730	1
112374704	1
112374935	1
112375001	2
112375731	1
112375747	1
112375916	1
112375970	1
112375978	1
112376032	1
11238	5712
11238-293	2
11238-593	4
11238000	1
112380000	20
11238001	1
112381208	3
112381372	1
112381412	1
112381505	1
112381918	1
112382304	1
112382352	1
112382506	1
112382607	1
112382806	1
112382902	2
11238302	1
112384302	1
112385719	1
112386358	1
11239	1202
112391117	5
1124	1
11240	9
11241	174
11241-020	1
11242	120
11242-110	4
11242-112	1
112420103	2
11243	40
11244	5
11246	6
11247	36
11248	9
11249	3228
11249-608	5
11249-614	1
11249-665	1
112490000	14
112493100	1
112494205	1
112496031	1
112497814	4
112498664	1
112499209	1
11250	15
112507	1
11251	5
11253	1
112533	1
11254	4
11255	7
11257	4
11258	5
112590	1
1126	3
11260	4
11261	2
11262	1
11263	6
11264	3
11265	1
11266	4
11267	1
11268	4
11269	2
11270	1
11271	2
112710	1
11272	2
11273	1
11274	5
11275	1
11277	1
11278	19
11280	2
11281	1
11282	1
11283	4
11284	1
11285	3
11286	2
11288	1
11290	1
112904	1
11291	2
11295	2
11297	1
11298	1
11299	2
112XX	1
11300	2
11301	2
11302	2
11303	5
11304	8
11305	10
113055	1
11309	4
11311	3
11312	2
11313	3
11314	5
11315	3
11316	3
113161	1
11317	10
11318	3
11319	3
11320	2
113209	1
11321	1
11323	7
11324	1
11325	11
11326	1
11327	3
11328	1
11329	6
11330	2
11334	2
11335	5
11336	5
113366	1
113368	1
11338	1
11339	2
113416	1
11342	2
11343	2
113432	1
11344	2
113440	1
11345	7
11346	4
11347	3
11348	2
113486	1
1135	2
11350	14
11351	6
11352	118
11352-180	1
11353	12
113534	1
11354	15150
11354-282	2
11354-530	1
11354-554	1
11354-557	1
11354-630	1
11354-651	2
11354-716	2
11354-754	1
113540000	34
113540814	1
113541029	1
113541068	1
113541116	1
113541262	2
113541521	1
113542328	1
113542906	1
113543050	2
113543260	2
113543871	1
113543946	1
113544008	1
113544101	1
113544103	1
113544124	1
113544315	1
113544430	1
113544746	1
113544927	1
113544942	1
113544954	1
113545305	2
113545321	1
113545516	2
113546262	1
113546519	1
113546537	2
113547	1
11354750	1
11355	12135
11355-343	1
11355-382	1
113550000	29
113551076	1
113551109	1
113552115	1
113552433	1
113552966	1
113553137	1
113553292	1
113553561	1
113553650	1
113553934	3
113554318	1
113554527	1
113554788	1
113554917	1
113555038	2
113555138	1
113555202	1
113555236	1
113555305	1
113555324	1
113555411	1
113555417	1
11355901	1
11355{	1
11356	5365
11356-110	2
11356-140	1
11356-272	1
113560000	7
11356110	4
113561202	1
113561733	1
113561912	1
113562205	1
113562644	1
11357	7769
11357-008	1
11357-009	1
11357-253	1
11357-370	1
113570000	9
113571545	3
113571721	1
113571926	1
113572354	1
113572419	1
113572528	1
113573112	1
113573131	1
113573245	1
113573702	2
113573932	1
11357SABR	1
11358	6584
11358-030	3
113580000	8
113580307	1
113581057	1
113581140	2
113581145	1
113581155	1
113581608	1
113581630	1
113581639	1
113581901	1
113583135	1
113583151	1
113583158	2
113583306	1
113583337	1
113583725	1
113588	1
11359	12
1136	1
11360	1996
11360-503	1
113600000	3
113601318	1
113602452	3
113602605	2
113602932	4
113605058	1
11361	5646
11361-052	2
11361-205	1
11361-286	1
113610000	17
113610302	1
113611064	1
113611508	1
113611864	1
113612232	1
113612563	1
113612625	1
113612863	1
113613353	1
11361730	1
11362	2915
11362-125	1
11362-131	2
11362-171	3
11362-184	2
11362-192	2
113620000	4
113621414	1
113621944	1
113622	1
113622124	1
113622148	1
113622305	1
113622326	1
113622538	1
11363	1861
11363-003	3
11363-111	1
11363-131	1
11363-152	1
113630000	7
113630303	2
113631526	1
113631934	1
113633	2
11363`	1
11364	3500
11364-0	2
11364-3	1
113640000	10
113641015	1
113641101	1
113641426	1
113641833	1
113643040	1
11365	5365
11365-271	2
11365-652	2
113650000	5
113651306	1
11365320	1
11365450	2
11366	2844
11366-127	1
113660000	4
113660042	1
113661409	1
113661625	1
113661951	1
11367	4918
11367-719	2
11367000	1
113670000	8
113671123	1
11367120	1
113671207	1
113671719	1
113672014	1
113672820	1
113673130	1
113673425	1
113673537	1
113673654	2
11368	16452
113680000	41
113681032	1
113681083	1
113681112	2
113681221	1
113681838	1
113681858	1
113681950	1
113682052	1
113682122	1
11368213	1
113682622	1
113682723	1
113682753	1
113683032	1
113683034	1
113683125	1
113683821	1
113683938	1
113683939	1
113689993	1
11369	5896
113690000	9
113691007	1
113691009	2
113691415	1
113691641	1
113691709	1
113691836	1
113692520	1
1137	5
11370	4441
11370-180	1
11370-193	1
113700000	8
11370002	1
113701110	1
113701211	1
113701410	1
113701413	1
113701527	1
113701634	1
113701636	2
113701808	1
113701927	1
113702001	1
113702012	1
11371	24
11372	8173
11372-0	2
11372-6	1
113720000	29
1137201	1
11372035	1
113721670	1
113721915	2
113723559	1
113723830	1
113723910	2
113725652	1
113725861	2
113725864	1
113726132	1
113726143	1
113726246	1
113726536	1
113726632	1
113727032	1
113727829	1
113727857	1
113727941	1
11372G	1
11373	11477
11373-336	1
11373-412	2
11373-516	1
113730000	30
113731051	1
113731613	1
113731614	1
113732128	1
113732553	1
113732831	1
113732871	1
113734047	1
113734127	1
113734250	1
113734353	1
113734354	1
113734517	2
113734810	1
113737790	2
11373{MR	1
11374	6396
11374-056	1
11374-100	1
11374-112	1
11374-154	1
11374-225	1
113740000	12
113741035	1
113743043	1
113743055	1
113743395	1
113743931	2
113743932	1
113744511	2
113744822	3
113745000	1
113745020	1
11375	9614
11375-005	1
11375-031	1
11375-071	2
11375-096	1
11375-200	1
11375-424	1
11375-475	5
11375-488	1
11375-670	1
11375-673	2
11375-860	1
11375-872	1
11375-877	1
11375000	3
113750000	34
113751043	1
113751101	1
113751407	1
113753055	1
113753849	1
113754242	1
113756127	1
113756147	1
113756704	1
113757200	1
113757201	1
11375F	1
11376	20
11377	10098
11377-048	1
11377-053	3
11377-480	1
11377-671	1
113770000	28
113771219	1
113772427	1
113772929	1
113773360	1
113773391	1
113773435	1
113773920	2
113773951	1
11377449	1
113775650	1
11377609	1
113776554	1
113777	1
11378	7167
11378-010	1
11378-103	1
11378-162	1
11378-181	2
11378-201	2
11378-282	4
11378-300	1
113780000	13
113781436	1
113781925	1
113781930	1
113782222	1
113782437	1
113783013	1
113783217	1
113783307	1
113783430	1
11378906	1
11379	3902
11379-01	3
11379-16	1
11379-18	1
11379-25	2
113790000	5
113791045	1
113791112	1
113791429	1
113791606	1
113791611	2
113792109	1
113792224	1
1137A	1
11380	26
11380-005	1
11381	2
11382	2
11383	1
11384	2
11385	9535
11385-253	1
11385-607	2
11385-784	1
113850000	32
113851046	1
113852175	1
113853236	1
113853324	1
113853734	1
113853735	1
113854705	1
113854719	1
113855044	1
113855167	1
113855737	1
113856117	1
113856236	2
113856631	1
113856942	1
113857049	1
113857523	1
113857838	1
113857856	1
113857858	1
113858003	1
113858238	1
11385JEAN	1
11386	32
11387	3
11388	8
1139	1
11390	4
11392	2
11394	1
11395	2
11396	1
11398	1
114	38
11400	6
11401	1
11402	4
11403	2
11404	3
11406	1
11408	1
1141	3
11410	1
11411	2342
114110000	8
114111140	1
114111319	1
114111404	1
114111532	1
114112329	1
11412	4403
11412-352	1
114120000	10
114121227	1
114122004	2
114123428	1
11413	5117
11413-007	1
11413-211	1
11413-414	3
114130000	7
11413036	1
114131725	1
114131737	1
114131900	1
11413206	1
114132618	1
114132673	1
114133712	1
114134427	1
114134428	1
11413\	1
11414	3376
11414-176	1
114140000	8
114141724	1
114142603	1
114142750	1
114142821	1
114142910	1
114143230	1
114143725	1
11415	3382
114150000	15
114151501	1
114151713	4
114152123	1
114152708	1
114152906	1
114152948	1
114153008	1
11416	4969
114160000	7
114161010	1
114161035	1
114161132	1
114161605	1
114162028	1
114162104	1
114162616	1
114162713	1
114162722	1
11416{	1
11417	5350
114170000	18
114171020	1
114171406	1
114171808	1
114172313	1
114172330	1
11418	10368
11418-026	1
11418-242	1
114180000	22
114181302	1
114181467	1
114181627	1
114181632	1
114181733	1
114181760	1
114182131	1
114182240	1
114182335	1
114182426	4
114182629	1
114182734	1
114183006	1
114183020	1
114183035	1
114183403	1
11418945	1
11419	13535
114190000	18
114191219	2
11419128	1
114191529	1
114191631	1
114191638	1
114191721	1
114191816	1
114191947	1
114192006	2
114192117	1
114192228	1
114192324	1
114192505	1
114192601	1
114192602	1
1141927	1
114192706	1
114192912	1
114192916	1
114193115	1
114193212	1
11419701	1
1142	2
11420	9984
114200000	18
114201102	1
114201121	1
114201210	1
114201217	1
114201712	1
114201916	1
114202600	1
114202608	3
114202805	1
114202906	1
114203002	1
114203112	1
114203115	1
114203117	1
114203130	1
114203318	1
114203612	1
114203640	1
114203804	1
114209	1
11421	6020
11421-115	1
11421-130	2
114210	1
114210000	15
114211303	1
114211722	1
114211802	1
114211831	1
114212043	1
114212802	2
114212835	1
114212909	1
114212911	1
11421305	1
11422	3460
11422-009	1
11422-011	1
114220000	6
114221	1
114222813	1
114223206	1
11423	5533
114230000	13
114231147	1
114232036	1
114232122	1
114232402	1
114232421	1
114232527	1
114232545	1
114233029	1
114233039	3
11424	4
11425	7
11426	3172
11426-008	4
11426-115	1
114260000	8
114261233	1
114261416	1
114261630	1
114262030	1
114262740	1
11427	3009
114270000	3
114271009	1
114272335	1
114272408	1
11427258	1
11428	4571
11428-20	1
114280000	7
114280446	1
114281234	2
114281253	1
114281365	1
114281439	1
114281621	2
114281814	1
11429	3910
11429-136	1
114290000	6
114291912	1
114291942	1
114292205	1
114292736	1
1143	2
11430	43
114300000	1
11431	118
11431-121	2
11431-301	1
11431-312	4
11431-424	1
11432	11310
11432-214	1
114320000	32
1143201	1
114321118	1
114321216	1
114321219	2
114321422	1
114321934	1
114322140	2
114322332	1
114322409	1
114322638	1
114322781	1
114323042	1
114323628	1
114324038	1
114324634	4
114324643	1
114325244	2
114325428	1
114325528	1
114325611	1
11433	5004
114330000	7
114331	1
114331306	1
114331312	2
114331913	1
114332102	1
114332351	1
114332380	1
114333047	1
114333938	1
11434	6870
114340000	25
114341526	1
114341845	1
114342016	3
114342728	1
114343634	1
114343636	1
114343722	1
114343735	1
114344123	1
114344423	1
114344539	1
114344812	1
11435	10655
11435-073	3
11435-332	1
11435-627	4
11435-657	3
11435000	1
114350000	32
114352024	1
114352557	1
114352733	1
114353016	1
114353120	1
114353121	1
114353327	1
114353329	6
114354	2
114354804	1
114355112	1
114355311	1
114355712	2
11436	3388
114360000	2
114361144	1
114361236	1
114361237	1
114361409	1
114361431	1
114361440	1
114361807	1
11437	2
11438	2
11439	17
11442	1
114435	1
11444	1
11444-453	1
11445	1
11447	1
11448	1
11449	1
1145	1
11450	1
11451	2
11452	1
11454	2
11455	4
11456	4
11458	2
11461	5
11462	2
11463	1
11465	1
11466	2
11467	1
11468	1
11470	2
11471	2
11474	5
11475	3
11476	7
11477	2
11479	1
1148	1
11480	3
11485	1
11490	1
11497	1
11498	1
11500	2
115001	1
11501	917
11501-129	1
11501-243	1
11501-252	5
11501-300	1
11501-314	4
11501-463	2
11501-464	1
115010	1
11502	3
11503	3
11504	7
11505	1
11506	4
11507	405
11507-080	3
11507-162	1
11508	14
11509	93
11509-132	1
1151	3
11510	437
11510-414	1
11510-450	5
11510-453	2
115103641	1
115107	1
11511	2
11512	3
11513	1
11514	267
11514-120	2
11514-202	1
11514-213	5
115141	2
115141805	1
11515	7
11516	2369
11516-002	12
11516-010	1
11516-038	8
11516-041	1
11516-057	14
11516-142	2
11516-154	1
11516-192	1
11516-201	1
115160000	1
115160328	1
115160415	1
115160574	1
115162098	2
115162223	1
115162603	1
11516`	1
11518	116
11518-149	1
11518-172	1
11518-211	1
11519	10
11520	539
11520-262	1
11520-270	5
11520-276	1
11520-573	1
115202709	1
11521	4
11522	3
11523	1
11524	2
11525	1
11526	4
11527	1
11528	1
11530	1084
11530-031	1
11530-035	7
11530-201	1
11530-442	1
11530-470	3
11530-655	1
115300357	1
115301411	3
115301662	1
115302004	1
1153027	1
115303336	3
115304003	1
115304424	2
115305566	1
115305766	1
115309	1
11531	9
11532	8
11533	2
11536	3
11537	2
11538	25
11539	3
1154	1
11540	11
11541	5
11542	271
11542-039	1
11542-101	1
11542-124	1
11542-140	1
11542-273	1
11543	8
11544	1
11545	525
11545-014	1
11545-103	3
11545-140	5
11545-164	2
11545-181	1
11545-210	4
11545-223	1
11545-275	1
11545-320	1
11545-332	4
115452312	3
115452737	1
115453206	1
115453324	1
11546	1
11547	42
11548	336
11548-105	1
11548POST	1
11549	1
1155	3
11550	444
11550-173	4
11550-410	1
11550-673	9
11550-7	2
11550-740	1
115504101	2
11551	2
11552	375
11552-25	1
11552-31	2
11553	111
11553-340	4
11554	303
11554-155	1
11554-200	2
11554-453	3
11554-505	2
115541551	1
115541558	1
115541703	1
11555	9
11556	91
11556-381	4
11557	375
11557-008	2
11557-122	1
11557-123	1
11557-141	1
11557-211	3
11557-241	3
11557-276	1
115572014	1
11558	65
11559	697
11559-100	3
11559-104	6
11559-124	1
11559-126	6
11559-143	1
11559-160	2
11559-180	1
11559-190	1
11559-212	1
115591263	1
115591605	3
1156	1
11560	110
11560-039	1
115602211	1
11561	296
11561-120	1
11561-230	1
11561-441	1
115610554	2
115611	1
11562	4
11563	298
11563-233	1
11563-250	2
11563-326	1
11563-334	1
11563-400	1
115633430	1
11564	4
11565	114
11565-008	1
11565-011	1
11566	339
11566-262	2
11566-270	2
11566-552	1
11567	6
11568	281
11568-031	1
11568-066	1
11568-110	1
11568-120	3
11568-160	1
115681025	1
115681144	1
115681502	1
115681544	1
11569	7
115691	1
1157	3
11570	840
115703402	3
11571	106
115711	1
11572	414
11572-251	2
11573	9
11574	1
11575	63
11575-130	1
11576	782
11576-118	1
11576-140	2
11576-143	1
11576-215	4
11576-261	1
11576-270	1
11576-304	5
11576-310	6
11576-330	2
115761017	2
115761420	1
115761588	2
115762215	1
115762223	1
115763040	1
11577	842
11577  11	1
11577-01	1
11577-03	3
11577-07	4
11577-15	2
11577-18	1
11577-19	1
11577-20	1
11577-26	1
11577-27	2
11577-28	1
11577.	1
115770	1
1157703	1
115771627	1
115772617	1
11578	16
11579	19
115796	1
1158	3
11580	1611
11580-157	1
11580-360	1
11580-391	3
11580-414	1
11580-431	4
11580-521	2
11580-584	1
11580-612	3
115803897	1
115805202	1
115805410	2
11580542	1
115806127	1
11580POST	1
11581	503
11581-130	1
11581-132	1
11581-190	3
11581-205	1
11581-274	2
11581-280	2
11581-341	1
11581-354	1
115811	1
115813545	1
11582	82
11582-072	1
11583	1
11584	1
11585	1
11586	5
11587	5
115870	1
11588	4
115880	1
11589	9
115898	1
1159	1
1159 1228	1
11590	934
11590-103	1
11590-113	3
11590-143	1
11590-380	3
11590-511	3
11590-531	1
11590-660	2
115901703	1
115901743	2
11591766	1
11592	2
11593	2
11595	4
11596	238
11596-10	3
11596-17	3
115961010	2
11597	4
11598	1071
11598-100	2
11598-102	3
11598-120	8
11598-122	10
11598-123	7
11598-170	1
11598-173	1
11598-174	1
11598-182	3
11598-262	3
11598-294	1
115981015	1
115981228	2
115981509	3
115982905	1
115982947	1
11599	7
115998	2
11600	1
11601	6
11603	3
11605	1
11606	1
1161	1
11610	1
11614	1
11619	1
11620	1
11621	5
11630	2
11632	4
11634	1
11635	1
11639	1
11640	1
11643	2
11648	1
11670	3
11681	1
11683	1
11690	37
11690-038	2
11690-041	2
11690-047	1
11691	4257
11691-124	2
116910000	24
116911209	1
116914710	1
11692	1043
116920000	3
11693	1423
11693-001	1
116930000	7
116931009	1
116931523	1
11694	2704
11694-003	1
116940000	16
116941325	1
11695	17
11695-000	2
11695-020	1
116950204	1
11696	6
11697	448
11697-114	3
116970	1
116970000	3
11698	2
11699	2
1170	1
11700	1
11701	297
11701-271	1
117010904	1
117011625	1
11702	85
11703	21
11704	309
11704-120	1
11705	19
11705-101	1
11706	275
11706-463	1
11706-873	1
117065306	1
11707	7
11708	3
11709	129
11709-007	5
11709-111	5
11709-114	1
1171	1
11710	362
11710-12	2
11710-17	7
11710-28	1
11710-366	1
117105301	1
11711	5
117117	1
11712	1
11713	17
11714	154
11714-361	1
11714-391	2
117140000	1
117141045	1
117143471	1
11715	8
11716	112
11717	264
11717-121	2
117178321	3
11718	17
11719	6
1172	7
11720	31
11720-213	2
11721	50
11722	77
11723	1
11723-112	1
11724	22
11725	347
11725-090	1
117255625	1
11726	74
11727	40
11728	3
11729	170
11729-032	2
11729-182	1
11729-402	1
11729-471	3
117290071	1
117294716	2
11730	53
11731	179
11731-17	1
11731-56	1
11732	34
11732-112	1
11733	58
11733-119	1
11734	3
11735	296
11735-056	2
11735-363	1
117351315	1
117352894	1
11736	2
11737	2
11738	57
11739	1
1174	29
11740	72
11741	66
117411207	1
11742	48
117421074	1
11743	338
11743-281	1
11743-697	1
11743-760	1
117431228	1
117435046	1
11745	1
11746	792
11746-170	2
11746-220	1
11746-265	1
11746-533	1
11746-580	1
11746-630	2
11746-790	1
117461703	1
117464340	1
117464836	1
117465873	1
117467902	1
11747	620
11747-001	1
11747-233	6
11747-318	1
11747-333	1
117471637	1
11748	4
11749	87
1175	1
11750	3
11751	40
11752	27
11753	795
11753-101	1
11753-110	1
11753-111	1
11753-161	3
11753-221	1
11753-222	1
11753-231	1
11753.	1
117531405	1
117532127	2
117532211	1
11754	64
11755	47
11756	292
11756-494	2
11757	105
117575709	2
11758	249
11758-030	1
11758-783	2
11758-852	1
117587804	1
11759	4
11760	3
11761	1
11762	72
11762-3	1
11762-4	2
117624	2
11763	62
11764	37
11765	10
11766	32
117663008	2
11767	42
11767-035	2
11767-162	4
11768	157
11768-116	1
11768-285	1
11769	5
11770	4
117704	1
11771	130
11771-250	1
11771-311	9
11771-490	2
117710000	1
117711	1
117712508	1
11772	15
11773	7
117738	1
11774	3
117746	1
11775	4
11776	36
11777	30
11777-13	3
117779	1
11778	60
117780967	2
11779	751
117790000	2
117796578	1
11780	19
11781	1
11782	16
11783	204
11783-224	1
11783-240	2
11783-331	1
117833408	1
11784	43
11785	5
11786	12
11787	179
11787-230	2
11787-477	1
11788	378
117885307	2
11789	4
1179	1
11790	38
11791	684
11791-028	1
11791-210	2
11791-311	1
11791-472	1
11791-532	2
11791-582	1
11791-660	1
11791-692	1
11791-700	1
11791-860	1
117910533	1
117911101	1
117916917	1
11791`	1
11792	12
11793	160
11793-101	1
11793-463	7
117933204	1
11794	1
11795	53
11796	7
11797	291
11797-253	4
117970513	1
117971014	1
117973401	1
11798	45
11798-	2
11799	4
118-01	1
1180-4992	2
118003	1
11801	382
11801-132	8
11801-211	5
11801-375	4
11801-502	1
11801-520	3
11801-562	4
118011322	1
118012608	1
11802	54
11802-024	1
11803	712
11803-160	2
11803-221	1
11803-250	1
11803-320	3
11803-341	2
11803-391	2
11803-499	3
118031658	1
118033905	1
11804	88
118040407	1
11805	8
11809-590	1
11816	1
11819	2
11821	3
11823	1
11830	1
11833	1
11836	4
1184	1
11840	1
11842	1
11865	3
11870	1
11872	1
11874	1
11877	1
11881	1
11889	1
11898	2
11899	1
11900	1
11901	47
11903	2
11904	1
11906	1
11907	1
11909	1
11916	2
11919	1
11923	3
11925	3
11928	1
1193	1
11930	16
119300432	7
11933	16
11934	9
11935	19
11937	11
11939	2
11940	59
11941	2
11942	9
11944	18
11944-204	2
11946	19
11947	12
11949	11
11950	24
11951	14
11952	25
11953	15
11953-194	1
11954	15
11954-520	1
11956	1
11957	41
11957-016	1
11958	7
11960	2
11961	20
11963	14
11963-006	1
11964	3
11965	2
11967	17
11967-233	1
11968	8
11969	4
11970	6
11971	30
119710939	2
11975	11
11976	15
11977	1
11978	9
11979	1
11980	7
11984	1
11996	2
11998	1
11=0703	1
120012	1
12005	2
1201	2
12010	2
12013	1
12017	4
12020	5
12021	5
1203	1
12037	2
1204	1
12046	1
12047	2
1205	1
12051	1
12053	15
12054	42
1206	1
12060	2
12063	2
12065	4
12074	8
12075	11
12076	1
12077	3
12083	1
12084	6
12090	2
1210	1
12111	1
121218	1
12123	4
12136	1
121373	1
12144	4
12158	2
12161	11
12181	2
12184	2
12188	22
1219	2
12194	1
12197	14
1220	3
12201	14
12202	1
12203	21
12205	11
12207	119
12207-170	4
122072978	1
12208	3
12208-341	1
122082126	1
12209	2
12210	24
122102822	1
12211	1
12212	3
12218	1
12223	1
1223	1
12230	1
12231	1
1225	2
12300	3
12301	1
12302	2
12303	9
12303-253	1
12304	4
12306	1
12308	1
12309	9
123096	1
1231	1
1232	1
12325	1
12345	2
1235	2
12394	1
12401	25
12404	5
12409	1
1241	2
12413	2
12414	8
12414-572	3
124140000	1
12418	1
12423	1
12424	2
12428	23
12431-541	1
12439	1
12442	5
12443	4
12444	1
12446	2
12455	2
12463	1
12466	19
124660303	1
124660315	1
12468	12
12468-671	1
12471	1
12477	12
12477-481	1
124774812	1
12480	1
12482	1
12484	8
12485	3
12486	1
12487	1
12491	4
12492	5
124925626	1
12496	2
12498	4
12501	5
12502	2
12503	1
12508	15
12510	1
12511	1
12515	3
12516	1
12518	36
12518-213	1
12522	1
12524	30
12524-046	2
12524-260	1
12524-340	1
12526	3
12528	7
12529	1
12531	6
12533	49
12534	8
12538-162	1
12540	36
12541	1
12542	7
12545	21
12546	1
12547	1
12548	1
12549	17
125499	1
12550	29
12550-134	1
12550-356	1
125501314	1
125501369	1
12553	22
12561	8
12563	7
12564	15
12564-343	2
12566	21
12568	2
12569	9
12570	7
12571	10
12572	17
12575	2
12576	1
12577	10
12580	2
12581	4
12582	13
12583	1
12586	5
12588	1
12589	22
12590	34
12590-	1
125903019	1
12594	4
12601	20
12603	30
12603-246	1
12603-550	2
12603-623	1
12620	1
126589	1
12701	13
12701-443	2
12704	1
12705	4
12719	1
12720	12
12721	6
12726	1
12729	6
12733	4
12740	1
12743	4
12747	1
12748	4
12749	8
12752	1
12754	3
12758	1
12759	6
12761	1
12763	3
12764	3
12766	1
12771	3
12775	10
12776	2
12778	4
12778-102	2
12779	14
12779-5	1
12783	3
12786	2
12788	3
12789	1
12790	15
12801	24
12804	2
12808	3
12827	7
12831	3
12834	5
12835	2
12845	2
12856	1
12866	2
12885	1
12901	3
12903	1
12908	1
12936	1
12937	5
12946	1
12953	1
13014	1
13016	1
13021	1
13039	1
13057	2
13066	1
13088	1
1309	1
13090	2
13104	3
13148	3
13159	3
13166	1
13202	11
13202-260	2
13205	11
13209	11
13214	1
13312	3
133175	1
13326	3
13340	1
13350	1
13357	2
13367	1
13440	8
13440-290	2
13459	1
13491	1
13492	3
13540	1
1355	2
1357	1
1360	1
13601	1
1361	1
13610	1
13637	2
13655	1
1368	1
1372	1
13736	2
13740	4
13748	1
1375	1
13751	1
13753	3
13754	2
13755	1
13755-202	3
13760	2
13776	1
1378	2
13783	4
13787	2
13788	2
1379	1
13790	4
13801	1
13815	1
13820	3
13820-250	2
13846	1
13849	2
13865	1
13904	1
13905	1
13920	3
13962	1
14019	1
14020	4
1403	1
14042	1
14043	28
140446	1
14048	3
14059	3
14063	6
14068	1
14072	1
14094	3
14104	1
1411	1
14116	2
1412	1
14127	1
14135	1
14141	1
1417	2
1418	1
14202	6
14203	38
14208	1
14209	1
14212	2
14214	1
14221	13
14221-224	1
14222	1
14224	5
14226	1
14228	3
14240	4
14249	1
14267	1
1428	1
1436518	1
14411	9
14415	3
14418	1
14427	1
14435	1
14437	2
14454	2
14456	7
14472	2
14513	5
14534	4
14542	1
14580	3
14598	1
14604	4
14607	6
14608	2
14609	4
14614	1
14618	6
14830	1
14843	1
14850	2
14851	8
14852	3
14865	1
14871-012	1
14883	1
14902	1
1501	3
15012	1
15031	1
15032	4
15044	4
15049	7
15095	1
1514	1
1515	1
15198	60
15211	2
15217	5
15219	9
15219-173	1
15220	1
15222	5
15237	1
15238	3
15238-244	4
15262	1
15341	2
15401	1
1542	1
1543	1
154729	1
15503	1
15509	1
15530	1
15540	1
15557	1
1559	1
1561	1
15618	3
1566	1
1572	1
15750	1
15767	1
1581-274	1
1598	1
16003	1
16037	11
16041	1
16042	1
16066	1
1610	1
16111	1
16272	1
16354	12
16354-216	5
16462	1
16509	6
16591	1
16635	2
16635-743	1
16703	1
16801	13
16803	2
16830	1
16880	1
16915	1
16950	1
17011	2
17013	9
17021	1
17033	6
17042	2
17070	3
17094	1
17102	36
17105	14
17107	1
17112	1
17113	1
17150	1
17203	1
17204	1
17207	1
17215	2
17222	1
17230	1
17257	1
17305	1
17350	3
17360	1
17402	2
17452	5
175019	1
17509	6
17512	3
17517	4
17519	3
17543	1
17557	1
17559	3
17570	1
17576	1
17579	1
1758	1
17601	2
17628	4
17631	1
17701	5
17703	3
17717	1
17725	1
17728	1
17740	1
17746	7
17747	1
177630	1
17768	2
17788	6
17791	1
17837	2
17842	5
17847	2
17866	1
17872	14
17872-652	3
17921	1
17931	1
17948	2
18002	4
18006	1
18013	2
18015	12
18017	8
180171	1
18018	4
18020	8
18022	1
18042	5
18045	6
18046	1
18052	2
18055	2
18058	2
18064	2
18066	1
18083	5
18102	4
18103	5
18104	3
18106	11
18201	7
18202	1
18210	1
18219	3
18229	2
1830	1
18301	35
18302	6
18321	5
18322	1
18324	3
18328	2
18330	12
183308719	1
18331	2
18335	1
18337	4
18343	2
18344	3
18347	4
18350	5
18350-080	1
18351	1
18352	2
18353	9
18360	3
18365	1
18372	1
18405	2
18406	1
18407	1
18410	1
18411	4
18411-879	1
18414	4
18414-810	1
18428	7
18431	6
18435	1
18436	16
18438	2
18443	2
18453	3
18464	2
18466	5
18473	2
18510	3
18603	4
18610	12
18612	2
18617	1
18660	8
186810	1
18701	4
18702	2
18702-542	1
18703	1
18703-151	1
18704	3
18705	1
18707	1
18801	3
18840	6
189	8
18901	1
18902	2
18903-471	1
18913	1
18938	7
18944	2
18949	1
18950	1
18974	4
18977	20
18GN	1
19003	1
19004	19
19006	66
19008	4
19010	3
19015	2
19017	1
19020	8
19021	1
19027	6
19031	1
19038	10
19040	1
19041	6
190438	1
19044	19
19046	6
19047	11
19053	9
19054	1
19057	2
19058	1
19061	1
19063	5
19064	1
19067	10
19069	1
19072	6
19073	2
19082	1
19087	7
19096	3
19102	9
19103	36
19103-750	1
1910328	1
191033527	1
19104	3
19106	4
19107	20
19111	3
19112	1
19114	1
19115	1
19116	2
19117	1
19120	2
19123	11
19124	2
19126	1
19127	6
19127-212	1
19130	6
19131	1
19132	8
19133	4
19133-282	1
19134	1
19138	2
19140	2
191403	1
19146	3
192020	1
19305	1
19312	2
19317	2
19335	1
19341	4
19342	1
19352	1
19355	12
19380	11
19381	1
19382	3
19399	2
1940	1
19401	1
19406	6
19422	4
19425	2
19428	7
19428-415	2
19436	1
19438	2
19446	1
19454	16
19454-205	1
19462	6
19482	1
19492	3
19502	1
19508	1
1952	1
19526	5
19529	1
1953134	1
19548	1
19554	2
19601	7
19607	1
19607-241	1
19608	3
19610	12
19611	6
19612	2
19703	2
19713	1
19720	6
19734	2
1974	1
19801	17
19803	16
19805	9
19805-127	2
19808	5
198081645	1
19809	1
19899	5
19901	5
19901-425	2
19904	7
19923	1
19943	3
19962	1
19963	2
19966	2
19970	2
19973	1
19980	1
1T02	1
20001	8
20002	2
20003	5
20004	1
20005	21
20006	11
200061231	1
20007	11
20008	2
20009	2
20012	9
20015	4
20016	3
20017	1
20018	1
20024	2
20026	12
20026-480	1
20036	2
20037	19
20038	7
20055	1
20057	1
20058	1
20083	1
20090	4
20096	1
20109	1
20115	1
20120	1
20121	1
20151	1
20152	3
20155	4
20164	26
20165	3
20170	16
20170-255	1
20171	4
20171-540	1
20172	1
20175	14
20175-568	4
20176	4
20178	1
20186	24
20190	7
20210	1
20260	2
20306	1
20352	1
20473	1
20514	1
20534	4
20560	2
20583	1
20590	1
20602	4
20603-320	1
20613	1
20646	14
206463654	1
20701	1
20703	4
20706	1
20708	1
20715	1
20718	1
20720	4
207200	2
20721	4
20725-094	1
20735	1
20735-261	3
20738	1
20743	2
20744	2
20746	1
20768	2
20770	4
20779	3
20785	2
20801	2
20814	39
20815	7
20817	26
20817-583	1
20827	1
2083067	1
20850	4
20852	33
208524041	1
20853	2
20854	11
20855	1
208552231	1
20859	1
20866	1
208701	1
20871	3
20871-402	2
20895	2
20901	4
20902	2
20902-156	1
20903	1
20904	1
20906	2
20910	4
20910-633	1
20914	57
20914-430	3
20914430	1
21015	2
21015-503	1
21030	2
21031	2
21040	2
21042	3
21043	1
21044	30
21045	3
21046	9
21060	1
21061	3
21076	9
21078	10
21085	3
21090	8
21113	2
21114	2
21122	1
21153	2
2116	2
2118	1
21201	6
21202	5
21208	31
21208-561	1
21209	2
21210	1
21211	2
21214	1
21215	4
21218	2
212208	1
21221	3
21223	1
212236	1
21224	6
212244420	2
21226	29
21229	1
2123	1
21230	2
21236	3
21286	3
21297	1
21401	14
21631	1
21663	4
2170	1
21701	6
21702	1
21703	6
21704	3
21727	2
21803	2
21822	7
21842	7
22	1
22003	1
22012	1
22015	1
2202	1
22021	1
22030	3
22031	1
22032	1
22043	1
22090	2
22101	1
22102	65
22102-310	2
22117	1
22150	1
22151	3
22152	1
22153	1
22153-245	1
22180	1
22182	40
22186	7
22190	1
22192	1
22193	1
22202	5
22203	68
22203-213	2
22207	2
22208	1
22209	8
22216	24
22216-766	1
222314	1
223	1
22308	2
22314	37
22320	51
22320-409	2
22324	1
22340	1
22401	1
22434	1
22554	1
22620	16
22646	7
22701	4
22709	2
22801	2
22902	1
22936	1
22939	1
23002	1
23058	1
23058-406	1
23060	13
230603750	1
23072	2
230723532	1
23092	14
23093	4
23111	2
231113	1
23113	20
23113-650	1
23139	3
23181	1
23185	3
23188	3
231888913	1
23192	2
23219	3
23220	2
23221	1
23222	1
23223	2
23227	1
23230	1
23233	14
23260	2
23294	2
23310	2
23320	1
23322	6
23421	1
234481	1
23452	30
23452-42	1
23455	2
23456	2
23462	3
23464	15
23464-46	1
23505	2
23510	9
23510-330	1
2360	1
23602	1
23607	1
23608	2
23693	8
23701	1
23760	1
23805	2
23831	2
23834	1
23889	2
23920	1
24017	1
24019	3
24092	1
24100	1
24121	1
24179	5
24203	15
24343	1
2450	1
24538	1
24566	2
24641	2
249715	1
25705	1
25821	1
26330	2
26505	18
26505-220	1
26515	1
27209	3
27216	1
27217	1
27235	14
27244	4
27262	1
27284	1
27306	1
27310	1
27325	2
27338	1
27365	1
27406	5
27407	2
27409	1
27410	1
27478	1
27506	1
27513	1
27518	3
27524	3
27524-298	1
27526	3
27536	4
27542-798	1
27549	1
27559	1
27560	2
27576	2
27601	1
27603	2
27603-892	5
27610	16
276103509	1
27613	1
27615	13
27615-298	1
27616	1
27617-425	1
27629	2
27635	1
27703	2
27704	2
27705	2
27707	1
27709	18
27713	1
27810	1
27850	1
27858	1
27889	10
27949	2
2799N	1
28037	1
28037-768	1
2806627	1
28079	2
28100	1
28106	1
281061375	1
28115	4
28117	1
28124	1
2813-8720	1
28202	17
282024200	1
28209	2
28213	1
28214	1
28216	6
28217	9
28226	2
28226-837	1
28227	6
28230	23
28241	1
28255	5
28256	1
28262	3
2826479	1
28266	1
28273	3
28277	8
28312	5
28312-872	2
28328	1
28359	1
28366	1
28401	3
28409	2
28433	1
28451	2
28458	2
28467	3
284672	2
28472	1
28501	1
28607	2
28626	1
28658	2
28659	1
28701	1
28704	5
28715	1
28734	1
28739	1
2903	12
29115	1
29153	2
29171	1
29202	1
29210	1
29223	2
29229	4
29229-743	1
29230	2
29303	1
29306	5
29401	6
29401-301	2
29414	1
29419	2
29449	1
29461	1
29468	2
29479	1
29487	4
29492-741	1
29501	21
29560	1
295602448	1
29566	1
29571	6
29571-45	1
29572	2
29575	2
29577	1
29601	3
29602	1
29646	2
29648	2
29677	1
29680	4
29710	2
29715	23
29728	7
29728-045	2
29730	1
29801	2
29803	1
29815	1
29843	2
29902	3
29926	2
29927	2
29928	1
30004	4
30005	1
30008-443	2
30012	12
30012-811	1
30013	3
30016	10
30017	4
30019	1
300197028	1
300224174	2
30030	2
30032	2
30034	1
30035	7
30038	8
30038-369	1
30039	4
30043	1
30044	8
30044-348	4
30046	1
30047	6
30052	6
300535	1
30055	1
30058	11
30062	2
30068	5
30075	1
30076	8
30078	2
30078-220	1
30080	1
30083	12
30087	14
30094	10
30094-610	1
30096	5
30097	5
30120	10
30120-778	3
301207785	1
301210	1
30122	2
30135	4
301357293	1
30144	5
30207	2
30208	3
30213	1
30213-314	1
30228	11
30228-559	1
30236	3
30245	3
30248	11
30253	1
30294	5
30301	15
30303	20
30303-236	2
303032812	1
30305	21
303051512	1
30308	5
30309	4
30311	4
30314	1
30318	4
30324	1
30326	12
30328	6
30329	1
303339	1
30338	2
30339	46
30340	1
30343	10
30346	7
303470607	3
30348	9
30349	3
30350	11
30350-622	1
30358	13
30360	1
30362	1
3036407	1
30366	2
30371	2
30446	1
30458	2
30506	1
30518	1
30519	1
3061776	1
3071459	1
3079903	1
30813	9
308135516	2
30817	1
3089647	1
309050076	1
31024	1
31061	1
31063	1
31092	1
31210	1
31313	1
3137472	1
31401	1
31406	6
31410	2
31410-222	2
31412	2
31792	1
3180	1
31906	1
32	3
32003	1
32034	1
32038	2
32043	2
3208	1
32080	6
32085	1
32086	11
32114	7
321164	1
32117	1
32118	9
32119	1
32127	3
321277934	1
32128	2
32135	1
32137	13
32158	1
32159	2
32162	17
321628	1
32164	2
32176	3
32187	1
32202	2
32205	10
32216	3
32223	1
32232	1
32233	2
32246	2
32250	1
32254	1
32256	18
32257	3
32277	2
32444	4
32455	1
32456	1
325011	1
32506	1
32513	1
32526	2
32615	3
32673	1
32681	1
32703	2
32708	15
3270841	1
32709	1
32713	1
32714	3
32716	1
32724	1
32725	4
32746	5
32750	5
32752	32
32752-130	1
32752-180	1
327521807	2
32757	1
32765	3
32765-270	1
32766	2
327666607	1
32767	1
327752	2
32778	1
32779	2
32780	1
32792	1
32795	1
32801	3
32807	1
32809	14
32810	33
32812	2
32817	7
32817-263	1
32818	9
32819	5
32824	9
32825	5
32828	8
32829	3
32830	4
32835	5
32836	26
32837	4
32837-531	1
32839	12
32855	1
32905	1
32907	11
32907-273	1
32908	2
32909	2
32910	3
32910-126	1
32918	1
32923	1
32931	3
32940	1
32948	2
32950	4
32952	1
32953	2
32955	24
32955-700	1
32958	1
32963	7
32966	2
32997	1
33004	1
33007	1
33008	2
33009	23
3301	1
33010	1
33012	1
33015	2
33016	13
330165823	1
33019	16
33020	6
33021	33
33021-55	1
33022	1
33023	4
33024	9
33025	9
33026	6
33027	15
33028	6
33029	11
33030	4
33034	2
3304	1
33040	8
33041	1
33044	2
33049	12
33050	2
33060	1
33062	25
33062-561	1
33063	8
33063-702	2
33064	9
33065	8
33066	5
33067	6
33068	15
33069	14
33071	8
33073	5
33075	1
33076	10
33082	3
33084	7
33102	12
331020783	1
33109	1
3312	1
33126	2
33130	1
33131	28
33131-345	3
33132	2
33133	10
33134	5
33135	5
33137	8
33137-485	1
33138	3
33138-571	1
33139	24
33140	51
33141	15
33143	4
33145	2
33146	1
33149	17
33150	1
33152	1
33154	26
33154-131	2
331541318	1
33156	6
33157	3
33160	36
33161	2
33162	20
33166	2
33167	1
33168	3
3317	1
33173	2
33175	3
33176	4
33177	6
33178	19
33179	12
33180	89
33180-005	1
33180-143	3
33181	15
33185	7
33186	5
33188	1
33190	1
33193	2
33196	3
33197	1
33230	4
33233	1
33239	1
33256	1
3326008	1
33261	1
33265	3
33280	3
33301	3
33304	7
33305	4
33306	1
33307	2
33308	16
33308-6	1
33309	2
33311	5
33312	11
33312-5	2
33313	22
33314	3
33314-800	5
33316	1
33317	5
33319	13
33320	4
33321	13
33322	11
333232957	1
33324	8
33327	4
33328	4
3333	1
33330	102
33330-320	4
333308	1
33331	4
33332	8
333330	1
33334	3
33340	2
333414	1
33349	2
33351	3
333567	1
33359	1
33401	40
33401-2	1
33401355	1
33404	17
334054	1
33406	8
33407	1
33408	4
33409	76
33409-6	10
334096493	2
3341	2
33410	9
33410-145	1
33410-457	1
334101452	1
33411	22
33411-5	2
33411-8	2
33411-884	1
33412	2
33413	1
33414	23
33414-707	1
33415	3
33416	2
33417	2
33418	12
33426	2
33427	1
33428	5
33429	1
33431	10
33431-727	2
33431-789	1
33432	12
33433	29
33434	40
33434-515	2
33434-516	2
334344735	1
33435	1
33436	10
33437	53
33437-381	1
33441	10
33442	3
33442-233	1
33442-9	1
334422	1
334436	1
33444	1
33445	12
33446	8
33446-315	2
33455	3
33455-523	1
33458	9
33460	1
33463	5
33467	9
33468	1
33469	2
33470	2
33470-440	1
33472	1
33473	3
33473-500	1
33474	7
33474-027	3
33475	1
33477	14
33480	43
33481	3
33483	6
334834724	1
33484	9
33486	14
33487	32
33487-33	2
33488	1
33496	24
33498	32
33498-492	3
33498-620	1
33510	3
33511	3
33523	1
33537	1
33548	2
33556	1
33558	1
33566	1
33567	4
33572	1
33573	3
33579-410	1
33594	7
33596	1
33602	10
33606	1
33609	2
33615	1
33617	26
33618	2
33619	12
33624	2
33625	2
33637	3
33647	5
33647-331	1
33682	14
33685	2
33689	2
33701	2
33702	1
33706	2
33707	1
33708	7
337082366	1
33710	1
33712	3
33713	3
33716	1
33756	1
33765	1
33767	15
33767-183	2
33776	21
33776-100	2
33777	5
33780	3
33811	1
33813	1
33837	3
33839	4
33844	3
33845	1
33845-224	2
33872	1
33880	3
33882	2
33882-100	1
33897	2
33904	4
33905	2
33907	1
33908	2
33909	4
33912	1
33913	3
33914	5
33919	1
33928	1
33929	4
33931	10
33935	3
33936	4
33937	1
33940	2
33948	1
33952	3
33954	4
33966	1
33972	2
33975	5
33980	2
33983	2
33990	9
33L39	1
34019	1
340360	1
34060502X	1
34096	1
34109	8
34113	2
34116	1
34119	3
34134	7
34135	6
34141	1
34145	29
34145-665	2
34158	1
34202	2
34202-57	1
34203	20
34203-405	1
34205	6
34209	1
342150426	2
34217	1
34222	2
34223	7
34228	4
34229	6
34232	1
34236	1
34242	1
34243	2
34274	3
34291-531	1
34292	3
34293	3
34293-146	3
34326	1
34431	9
34431-416	1
34434	3
34442	3
34446	3
34446-503	1
34453	1
34464	2
34465	1
34470	1
34472	2
34473	8
34474	2
34476	11
34476-424	1
34479	1
34606	3
34607	7
34608	2
34609	7
34613	1
34624	1
34625	2
34638	5
3463868	1
34652	12
34653	1
34654	1
34655	2
34667	6
34667-274	1
34668	1
34674	1
346808	1
34683	11
34688	1
34689	1
34691	2
34711	3
34714	16
34715	9
34741	6
34742	3
34743	14
34744	10
34744-380	1
34746	8
34753	2
34758	5
34759	2
34761	11
34761-771	1
34765	1
34771	2
34772	8
347787	1
34786	4
34787	11
34787-212	5
34942	1
34951	2
34952	4
34953	11
34953-670	1
34957	2
349575218	1
34983	4
34984	5
34986	4
34990	8
34994	24
34994-283	3
349942535	1
34996	4
35020	1
35126	3
35134	1
35203	3
35210	2
35215	1
35219	1
35752	1
35758	1
357583612	1
36117	9
361177433	1
36345	4
36513	2
36526	6
36551	1
36582	1
36582-726	2
36606	1
37037	1
37054	2
37067	1
37075	1
37077	1
37153	2
37202	4
37207	3
37212	53
372125300	1
37217	6
37412	3
37421	6
37745	1
37774	1
37901	1
37902	4
37907-273	1
37909	1
37912	1
37918	5
38016	1
3810	1
38101	18
38101-219	1
38103	23
38111	1
38117	1
38119	1
38128	2
38228-559	1
38442	1
39289	8
39531	1
39571	1
39851	1
4	2
40056	1
40059	1
40065	2
40081	1
4015338	1
40202	8
40214	2
40220	2
40220-420	1
40222	6
40223	1
40228	2
40232	22
40241	1
4036808	1
40456	1
40503	1
405202	1
4053886	1
40576	1
41076	1
41094	3
41307	1
41339	1
41501	1
420464	1
42205	1
42301	16
423017441	1
42302	3
424418	1
42650	1
42680	1
42701	1
43015	2
43017	11
43035	10
43045	1
43054	52
43054-870	2
43081	4
43082	1
43085	11
43202	1
43206	5
43215	3
43216	10
43218	13
43219	18
43219-600	2
43230	6
43240	4
43240-205	1
43302	2
43604	1
43612	1
43612-530	1
43615	1
43920	5
44022	3
44087	2
44107	3
44107-261	2
441114	1
44113	79
44114	9
44115	23
44124	3
4413	3
44130	1
44131	3
44139	8
44139-165	1
44144	1
4415	1
44236	1
44241	1
44303	1
44306	1
443334045	1
44406	1
44410	1
44420	2
44483	1
44504	2
44530	2
44601	1
44685	2
44721	2
44788	1
45017	1
45040	3
450547017	1
45071	2
45102	4
45202	368
45236	8
45237	1
45240	4
45241	2
45242	1
45246	1
45255	1
45274	5
45303	3
45336	1
45342	8
45342-542	2
45401	1
45432	2
456202	1
45656	3
4599	1
46012	1
46033	3
46075	4
4614923	1
46158	1
46172	3
46236	1
46239	2
46240	5
46241	62
46250	7
46256	1
46268	2
46321	2
4635	1
46501	2
46503	1
46804	3
46806	1
47150	1
47274	2
47715	4
47736	2
47804	2
47909	1
47933	1
48018	1
48025	3
48034	2
48060	1
48064	6
480803449	1
48089	3
48090	12
48098	7
48103	2
48106	1
48108	5
48111	1
48121	2
48168	2
48185	3
48185-271	1
48192	3
48197	2
48202	1
48212	1
48235	3
48265	6
48275	2
48288	1
48314-	1
48322	1
48323	4
483233630	1
48326	5
48331	3
48334	1
48342	1
48374	1
48377	3
48429	4
48501	6
48507	1
48638	3
48858	1
48879-207	1
48901	3
48911	1
48912	1
49007	1
49017	1
49103	1
4951410	1
49684	1
49686	9
50185	2
50306	9
50309	1
50315	2
50327	1
50328	20
50392	2
50501	3
50702	6
50704	1
51102	1
52302	3
52499	4
52722	1
530	1
53031	1
53044	7
53072	1
53201	5
53202	4
53202-370	1
53210	9
53211	1
53212	1
53214	1
53224	9
53404	1
53551	2
53704	3
53707	3
53711	5
53711-280	1
54001	1
5401	1
5429	1
550101	1
55101	1
55102	3
55104	1
55107	62
55107-229	2
55107-257	3
55112	1
55116	13
55117	2
55121	6
55123	4
55167-257	1
55207	1
55344	4
55401	1
55402	14
55402-182	2
55403	10
55411	3
55413	1
55416	2
55422	1
55423	2
55431	1
55437	3
55440	5
55443	2
55802	1
56201	6
56301	1
56607	1
57015	1
57104	1
57108	1
57186	16
57186-000	3
57350	2
58103	4
58506	1
6	1
60010	3
60015	47
60015-090	1
60016	1
60018	8
60035	21
60045	3
60046	1
60047	2
60062	2
60068	5
60077	3
60101	1
60104	1
60106	3
60108	2
60137	1
60154	3
60173	2
60175	1
60179	9
601790	1
60189	1
60192	2
60317	1
603645000	1
6037	1
60439	3
60478	2
60517	3
60521	4
60522	4
60523	15
605312	1
60532	4
60540	1
60540-796	1
6055	1
60550	1
60555	30
60564	1
60565	2
60600	1
606006	1
60601	34
606015959	1
60602	2
60603	15
60605	15
60605-501	1
60606	81
60606-372	1
606060521	1
606062621	1
60608	4
606080	1
60609	1
60610	2
60611	4
60612	3
60616	2
60617	1
60618	3
60619	1
60622	3
60631	16
606321	1
60637	1
60640	2
60645	5
60646	1
60651	1
60653	5
60654	3
60654-160	1
60657	2
60659	1
60660	2
60661	23
60661-790	1
60666	14
6068	2
60680	76
60680-040	8
606800407	2
60681	2
60686-040	1
60690	45
60690-219	1
60696	3
60706	2
60712	1
607776	1
609052	1
612138	1
613324	1
61561	8
61571	1
615937	1
6177	1
61801	1
61820	6
61834	5
62650	1
62701	2
62903	1
63011	30
63017	28
63101	3
63102	8
63118	1
63122	1
63129	1
63130	1
63130-4	1
63131	2
63136	2
63164	2
63179	12
63301	1
63304	7
63368	5
6371	1
64024	1
64030	1
64105	17
64112	1
64141	11
64152	7
64505	1
64505-224	1
64591	1
64724	2
64772	1
6500	1
65203	2
65205	3
65686	1
65806	2
65810	1
66086	1
66119	1
66204	2
66210	1
66211	3
66213	2
66213-112	1
66225	1
66603	2
668830	1
67226	1
6723	3
67491	1
67712	1
67730	1
6783	1
67901	3
68005	8
6812	1
68144	2
6824	1
6830	3
683000	1
6831	2
68467	1
68504	1
68521-447	2
6880	1
6902	1
6936	1
69361	8
69363	1
693631706	1
69591	1
69631	1
70005	1
70041712	1
7006	2
70065	8
70101	1
7024	4
7030	2
70309	1
70360	3
70380	1
70421	1
70447	2
7047	2
70471	13
70471-315	1
704713152	1
70515	4
7052	2
7054	3
7065	1
7072	5
7078	1
7080	1
70808	10
7093	2
7094	5
70965	1
7102	1
71037	1
7108	1
7110	1
711726	1
72094	1
72203	4
72204	1
72336	1
72501	1
72556	3
7270800	1
72758	2
73013	2
7302	1
7304	6
73063	1
7307	1
73108	5
73118	1
73118-607	2
73126	2
73132	1
73134	17
73240	1
73644	4
74015	4
7407	2
74112	1
74133	5
74135	4
741355076	4
7416	3
7441	1
7458	2
74602	1
7461	1
7470	2
74745	1
7481	2
75001	11
75006	3
75008	1
7501	1
75011	55
75011-139	1
750111	1
750111397	1
75013	2
75015	17
75015-220	2
75016	1
75019	18
75021	2
75024	33
75025	1
75028	2
75035	5
75037	2
75038	32
75038-592	1
75039	21
7504	1
7505-2206	3
75051	3
75052	2
75056	3
75062	14
75062-811	1
75063	8
75067	4
75074	7
75075	2
75093	4
75126	14
751267552	1
75201	24
752016732	1
75204	13
75207	2
75219	7
75219-322	2
75221	14
75222-071	1
75229	2
75231	4
75240	35
75243	10
75243-161	1
75247	2
75248	5
75252	1
75252-271	1
75254	34
75254-295	1
752542951	1
75266	6
75270	3
75301	4
75304	1
75356	1
75376	9
75380	1
75420	1
75462	1
76011	9
76015	6
76034	1
76038	1
76039	6
7604	2
76040	1
76051	5
76063	1
76065	2
76067	2
76075	1
76092	1
76117	1
76121	3
761337503	1
76137	3
76161	3
76177	4
76177-211	1
76179	1
76185	7
761855	1
7620	1
76244	3
76248	1
76266	3
7627	4
76307	3
7631	4
7632	3
76415	1
7644	1
76450	1
7646	1
7649	1
7652	2
7653	1
7657	2
7662	1
7666	2
76714	1
76763	3
76VIA3	1
77001	45
77002	2
77006	2
77007	1
7701	1
77019	3
77022	2
77024	7
77024-481	1
77027	38
77027-331	4
77027-334	1
770277	2
77034	28
77034-376	5
77036	1
77042	34
77042-454	3
77042-455	1
770424546	1
77043-471	1
77056	13
77067	2
77081	3
77082	1
77083	4
77092	3
77094	1
77094-870	1
77102	1
77110	1
77205	2
77210	5
77219	15
77236	1
77252	2
77253	1
77253-309	1
77254	1
7726	1
77267	1
77338	14
7738-402	1
77380	2
77381	11
77381-402	2
77382	2
77383	1
77429	6
77433	5
77433-199	1
77449	1
7746	1
7747	1
77478	1
77479	6
77498	1
77545	1
77546	2
77550	7
7757	2
77584	4
77586	3
77602	1
7762	2
77631	1
77706	1
77708	1
77840	3
78023	3
78040	2
78045	1
78064	2
78145	1
78163	1
78209	4
78212	1
78219	1
78219-171	1
78230	2
78293	1
78415	73
78415-19	10
78415-192	1
78445	1
78504	1
78521	2
78541	4
78582	1
78610	1
78665	1
78701	2
78703	7
78727	1
78729	7
78731	1
78739	9
78741	2
78746	2
78752	1
78754	1
78789	1
7921	3
7932	1
79423	1
79423-211	1
79432-211	1
7960	1
7980	1
79843	1
79912	1
80013	2
80015	1
80020	3
80020-614	2
80111	6
80112	41
80124	1
80129	30
80129-1	3
80129-154	5
801291	1
80150	1
80202	3
80203	2
80204	1
80209	1
802315915	1
80235	2
80237	14
80265	11
80265-201	1
80302	6
80305	3
80308	8
80401	3
8046	1
805	1
80525	3
80525-200	1
8053	1
80555	1
8088	2
80907	6
80924	1
8093	3
81224	1
81505	2
81615	1
81654	1
82834	1
83140	1
8332-1531	1
84093	1
84098	2
84103	4
84107	2
84110	2
84111	5
84112	1
84115	23
84115-44	2
84116	1
84118	2
84119	8
84119-32	1
84121	12
8415	2
84150	24
85004	5
85009	6
8500918	1
85012	4
85012-113	1
85014	2
85016	6
85032	1
85037	1
85038	31
85038-904	1
850389046	1
85043	1
85048	4
85050	8
85072	1
8510	3
85138	1
85213	1
85216	1
85244	2
85250	1
85254	6
85254-756	3
85255	3
85259	1
85260	6
85261	80
85261-490	7
85262	2
85267	1
85267-230	1
8527	3
85281	2
85283	2
85284	5
85296	2
85308	1
85331	1
85381	1
85383	1
85390	1
85705	2
85711	1
85719	2
85730	4
85747	1
85751	9
858284	1
85905	1
86314	7
86314-1	1
86314-147	1
86336	1
87003	1
87004	1
8701	5
87048	9
870489504	1
87056	1
87083	1
8709	1
87102	1
87122	1
87124	2
87125	1
87174	6
8732	1
87505	5
87506	5
87540	1
87565	1
88061	4
88101	1
8817	4
8831	1
8837	2
8867	1
887	1
8873	1
8876	1
89014	6
89015	1
89052	2
89074	3
89074-174	1
89084	4
89103	11
89109	2
89110	2
89113	4
89117	6
89119	10
89119-468	1
89120	5
89121	1
89135-286	1
89141	5
89145	5
89146	8
89147	30
89150	3
89155	1
89183	1
89410	1
89439	3
89440	1
89523	1
9	1
90004	1
90005	1
90007	1
90010	5
90010-385	3
90012	5
90013	2
90014	2
90015	2
90017	7
90019	1
90019-251	1
90021	2
90024	11
90025	23
90027	1
90028	8
900285107	1
90030	2
90031	1
90034	2
90036	4
900362504	1
90039	2
90040	5
90045	2
90046	6
90046-689	1
90048	3
90049	2
90054	1
90057	2
90058	4
90064	1
90065	2
90067	9
90069	13
90071	24
90077	4
90081	92
900810009	2
90129	2
90208	1
90209	3
90210	11
90211	8
902110	1
90212	11
90230	3
90241	1
90245	1
90254	5
90265	6
902654211	1
90272	1
90274	20
90277	2
90278	6
90279	1
90280	1
90290	1
90291	2
90292	2
90401	25
90403	3
90404	5
90405	6
90405-640	1
90409	1
9046	1
90630	2
90660	1
90660-125	1
90705	1
90731	1
90803	2
90806	2
9081-009	1
91001	2
910069	2
91007	4
91016	1
910463	1
91101	26
91107	10
91111	1
91176	2
91201	25
91203	1
91209	2
91214	25
91221	28
91221-502	1
91301	1
91302	3
91303	1
91307	1
91309	4
91311	1
91316	1
91331	1
91340	3
91344	2
91346	1
91352	4
91356	5
91362	7
91364	1
91367	10
91387	2
91403	233
91403-283	1
91403-339	13
914033390	7
91403Q	1
91405	1
91406	3
91407	1
91410	1
91423	5
91430	14
91436	13
914403	1
91450	1
91493	1
91505	1
91521	1
915505	1
91567	1
91602	1
91605	2
91706	6
91710	4
91739	2
91748	7
91754	6
91765	1
91776	17
91776-443	2
91790	2
91941	2
91942	1
92008	39
920087215	1
92009	3
92013	36
92018	100
92020	6
92023	1
92023-014	2
92024	1
92025	1
92029	4
9203	1
92037	15
92046	12
92057	1
92064	2
92067	2
920670	1
92075	1
92083	2
92108	1
921096032	2
92110	2
92111	1
92116	5
92118	1
92119	2
92121	2
92122	6
92122-171	1
92123	19
921231887	1
92125	2
92127	7
92128	13
92210	1
922227-22	1
92227	1
92234	1
92235	1
92252	1
92253	1
92392	2
92505	1
92561	1
92584	1
92591	1
92592	1
92602	4
92610	1
92612	13
92612-710	1
92612-767	2
92613	1
92614	2
92618	17
92618-213	2
92619	6
92620	1
92631-699	1
92649	2
92651	22
92651-699	4
92656	8
92656-182	5
92656-268	1
92657	2
92660	6
92675	1
92677	3
92688	6
92691	3
92692	1
92705	36
92705-493	1
927054934	1
92804	2
92806	12
92806-594	5
92806-595	1
928065948	1
92856	2
92860	2
92866	2
92868	3
92869	6
93001	5
93021	4
93021-260	2
93063	3
93065	9
93108	4
93120	1
93245	1
93401	3
93442	4
93461	1
93463	1
93638	7
93901	7
93923	8
940	1
94010	5
94013	1
94015	1
94017	4
94019	1
94022	1
94023	2
94027	1
94043	6
94062	2
94066	16
94077	11
94103-339	1
94104	12
94105	4
94107	39
94108	3
94109	2
94110	1
94111	35
94111-145	3
94112	1
94114	1
94115	4
94117	1
94123	1
94124-254	1
94127	1
94129	1
94131	4
94501	1
94513	3
94530	2
94531	3
94538	1
94563	4
94565	1
94568	3
94577	2
94580	8
94608	1
94610	1
94611	1
94612	2
94702	2
947021337	1
94707	5
94912	3
94941	4
94945	1
94954	2
95014	1
95031	1
95035	1
95050	10
95065	1
95070	8
95120	1
95131	7
95138	2
95337	1
95602	2
95608	1
95616	1
95661	1
95680	1
95691	3
95757	1
95821	1
95829	1
95928	2
962224	1
96405	1
96701	1
96744	2
96745	10
96816	3
97002	1
97005	2
97034	1
97076	1
97124	2
97131	1
97201	2
97202	1
97205	1
97206	2
97207	2
97208	1
97210	16
97211	2
97217	1
97298	4
97702	2
97822	1
98002	6
98003	1
98004	3
98004-690	1
98009	3
98027	26
980275367	1
98034	1
98040	4
98101	33
98104	1
98105	1
98109	4
98118	3
98119	6
98124	1
98125	1
98164	3
98168	9
98230	1
98685	4
99520	3
99615	9
99615-105	1
99999	1
;	1
A5261	1
ABE MARIO	1
ALIM ADAL	1
B4M1N	1
BRAZIL	3
C	1
CLINTON STREET	1
CR7-GTZ	1
EEEEEEEEE	1
EENS	1
ET	1
FLUSHING	1
GC 610109	1
GC07091	1
GC12573	1
GC1390	1
GC1723	1
GC1790	1
GC20451	1
GC21640	1
GC26056	1
GC29921	1
GC36160	1
GC37749	1
GC38186	1
GC39714	1
GC600738	1
GC60617	1
GC608704	1
GC608881	1
GC610541	3
GC614620	1
GC616495	1
GC616613	1
GC617635	1
GC9201	1
H	1
HOWARD AVENUE	1
HP	1
HY	1
I	3
I11230	1
J07102	1
K	2
L4K1B2	1
L4K1J5	5
L9T-7V9	2
LGA1R3	1
MCLEAN	1
MRS FENNE	1
N	18
N11803	1
NEW YORK	1
NJ	2
NY	32
NY107936	1
NY11356	1
O	1
O:	1
P	1
PO	2
POSTING	1
Q	5
RAYMONDE	1
SAL CAPRI	1
ST	1
SWIE	1
T	1
TAIPEI	1
U	7
U10025	1
U10154	1
U10165	1
U10306	1
U11355	3
U=11364	1
V56358	1
V8K 2W1	1
W	1
X	1
Y	14
Y10028	1
Y40	1
YP	1
\	1
`	5
`0022	1
