!1201	2
(718)	1
-	1
-1	2
-1045	1
-1046	1
-11	1
-1136	1
00001	1
00002	1
00194	1
00347	2
00355	1
00385	1
00674	1
00693	1
00D	1
01001	3
01002	4
01003	4
01014	1
01056	1
01101	1
01118	1
01120	1
01121	2
01136	1
01137	1
01158	1
01169	1
01217	1
01219	1
01367	2
01372	1
01463	1
01719	2
02000	2
02118	1
02138	1
02139	1
02400	8
02421	1
02445	2
02446	8
02467	1
02472	1
02657	1
02893	1
02906	1
02907	3
02961	1
03217	1
03239	1
04035	1
0451	1
04614	1
05477	1
05819	1
05871	3
06051	1
06105	1
06234	1
06278	1
06320	1
06360	1
06451	2
06510	1
06516	2
06601	1
06604	3
06605	2
06606	1
06704	1
06801	1
06880	2
06902	5
06903	1
07002	1
07003	3
07011	3
07016	1
07022	1
07024	12
07029	1
07030	2
07035	1
07036	2
07040	4
07047	3
07050	1
07055	1
07057	1
07059	1
07067	1
07075	1
07080	1
07081	4
07086	4
07087	6
07093	2
07102	1
07104	3
07105	5
07106	1
07107	1
07108	1
07111	2
07114	4
07147	1
07201	3
07202	1
07203	2
07204	1
07205	1
07206	1
07207	1
07208	3
07302	2
07304	8
07305	1
07306	1
07307	1
07310	1
07442	1
07501	1
07604	1
07605	2
07621	1
07624	1
07625	1
07626	1
0763	1
07631	1
07648	1
07652	1
07657	1
07663	1
07666	2
07670	2
07675	1
07712	2
07722	2
07724	1
07726	5
07731	4
07734	1
07735	1
07740	1
07748	1
0775	1
07751	1
07850	1
07869	1
07921	1
07950	1
08053	2
08054	2
08055	1
08106	1
08201	2
08232	1
08401	2
08536	1
08628	1
08629	1
08638	1
08701	13
08742	1
08817	1
08837	1
08844	1
08846	1
08854	1
08859	2
08861	1
08865	1
08873	1
08902	1
08904	1
1	3
1-312	1
1000	4
10000	2
10001	835
10002	2353
10003	1544
10004	98
10005	61
10006	47
10007	180
10008	3
10009	2257
1001	3
10010	810
10011	1644
10012	498
10013	538
10014	1288
10015	1
10016	1032
10017	289
10018	179
10019	782
1002	4
10020	1
10021	1069
10022	774
10023	2965
10024	8503
10025	4766
10026	157
10027	478
10028	1500
10029	1398
1003	4
10030	172
10031	1578
10032	1149
10033	1434
10034	375
10035	511
10036	635
10037	89
10038	410
10039	146
10040	584
10041	2
10044	248
10045	2
10051	1
10064	1
10065	578
10066	1
10069	72
1007	1
10075	768
1009	1
1010	1
10103	2
10113	1
10116	11
10118	1
10119	2
10120	1
10121	1
10122	1
10128	2605
10142	1
10150	6
10154	1
10155	2
10156	3
10158	1
10159	3
10162	58
10163	2
10168	2
10169	2
10170	1
10172	1
10176	1
10185	4
10201	1
10222	1
10244	1
10272	2
10276	2
10279	1
10280	116
10281	1
10282	34
10292	1
1030	3
10301	1603
10302	595
10303	742
10304	2238
10305	2406
10306	6015
10307	188
10308	545
10309	553
1031	1
10310	888
10312	1130
10314	6311
10319	1
1033	1
104	1
10408	1
1045	1
10450	2
10451	383
10452	896
10453	1638
10454	1127
10455	250
10456	794
10457	1870
10458	2194
10459	354
1046	1
10460	837
10461	593
10462	630
10463	703
10464	77
10465	708
10466	165
10467	1374
10468	856
10469	371
10470	102
10471	202
10472	257
10473	277
10474	74
10475	80
10502	1
10510	1
10512	1
10516	2
10522	5
10524	1
10527	1
10530	1
10541	2
10543	1
10545	1
10548	1
10549	1
10550	23
10552	5
10553	11
10560	3
10562	3
10566	5
10567	1
10570	1
1058	1
10583	10
10588	1
10591	2
10598	4
10601	1
10604	1
10605	4
10701	26
10703	3
10704	15
10705	11
10707	3
10708	3
10709	1
10710	6
1080	1
10801	12
10803	1
10804	3
10805	3
10856	1
10867	1
10901	1
10926	1
10927	2
10930	1
10940	3
10941	3
1095	1
10950	1
10952	7
10954	2
10960	3
10962	1
10964	1
10965	2
10968	1
10977	14
1098	1
10989	1
10990	1
11	3
11001	119
11003	26
11004	379
11005	85
11010	4
11020	4
11021	9
11023	1
11024	2
11027	4
11028	1
11030	10
11036	1
11040	66
11042	1
11050	4
11063	1
11096	1
11101	3113
11102	295
11103	548
11104	4067
11105	266
11106	1253
11109	255
11111	1
11120	1
11121	2
11123	1
11136	1
11137	2
11138	2
11142	1
11170	1
11193	1
112	1
1120	71
11201	1409
11202	14
11203	1148
11204	1580
11205	387
11206	1577
11207	1839
11208	812
11209	1391
1121	195
11210	2480
11211	2152
11212	701
11213	605
11214	1417
11215	1064
11216	501
11217	635
11218	1196
11219	1788
1122	60
11220	1956
11221	1045
11222	561
11223	1749
11224	1941
11225	810
11226	3246
11227	2
11228	429
11229	5414
1123	148
11230	3227
11231	519
11232	583
11233	503
11234	3716
11235	4941
11236	2231
11237	1029
11238	524
11239	97
1124	1
11240	2
11241	2
11242	3
11243	5
11247	1
11248	1
11249	396
1126	5
11263	1
11265	2
11268	2
11275	1
11276	2
11290	1
11306	1
11310	1
11312	2
11315	2
11317	1
11321	1
11336	1
1134	5
11352	9
11354	827
11355	1468
11356	170
11357	236
11358	301
11359	2
1136	3
11360	139
11361	166
11362	401
11363	58
11364	1655
11365	477
11366	272
11367	419
11368	2683
11369	1724
1136T	1
1137	1
11370	289
11371	1
11372	2965
11373	1558
11374	600
11375	1693
11377	4678
11378	977
11379	1397
11385	1531
11386	1
114	3
11402	1
1141	1
11411	244
11412	436
11413	279
11414	38
11415	434
11416	47
11417	44
11418	270
11419	227
11420	256
11421	252
11422	175
11423	429
11426	612
11427	789
11428	260
11429	180
11430	5
11431	2
11432	338
11433	383
11434	694
11435	434
11436	176
11443	2
11462	1
11467	1
11501	4
11507	1
11510	17
11516	3
11520	4
11530	4
11542	3
11545	1
11550	15
11551	1
11552	15
11553	5
11554	1
11557	1
11559	1
11561	3
11563	1
11565	2
11566	5
11568	1
11569	1
11570	3
11572	6
11575	2
11576	2
11577	5
11580	23
11581	5
11590	6
11598	2
116	1
11632	1
11635	1
1169	2
11691	400
11692	143
11693	34
11694	29
11697	4
11703	2
11704	3
11705	1
11706	6
11713	1
11714	3
11715	1
11717	6
11720	4
11722	4
11725	3
11727	2
11729	4
11731	1
11732	1
11735	4
11738	1
1174	1
11741	2
11743	3
11746	2
11747	1
11750	4
11751	1
11752	1
11753	3
11755	1
11756	1
11757	1
11758	5
11762	3
11763	2
11765	1
11766	1
11768	1
11771	1
11772	4
11776	2
11788	1
11790	1
11791	10
11793	2
11795	1
11797	2
11798	6
11801	1
11803	4
11901	1
11961	1
11963	1
11964	1
11967	1
11969	1
12	1
12075	2
1208	1
1210	3
1212	1
1213	1
1215	1
12150	1
1217	1
1218	2
12180	1
12189	1
1220	6
12201	1
12207	1
12214	2
12219	1
12226	1
1226	4
1230	1
12306	2
12307	1
1231	2
1232	1
1234	2
12345	3
1236	5
12378	1
12401	1
12414	1
12457	1
12484	1
12524	1
12528	1
12569	1
12572	1
12582	1
12589	3
12590	1
12603	4
12758	1
12768	1
12771	3
12866	1
13027	1
13202	1
1321	1
13211	1
13354	1
134	1
13440	1
13586	1
13760	2
13904	2
14054	2
14075	2
1412	1
14122	1
1415	1
14150	2
14213	1
14215	1
14217	1
1429	1
14303	1
14305	1
14612	1
14850	1
14882	1
15044	1
15217	2
15658	1
15782	1
16	7
16066	1
16087	1
16128	1
16472	2
16503	1
17033	1
17046	1
17050	1
17055	1
17109	1
17343	1
1740	1
18018	3
18020	1
18052	1
18102	1
18324	1
18360	7
18414	1
18436	2
18510	1
18847	1
18902	1
19018	3
19020	1
19050	1
1906	1
19066	1
19102	1
19103	2
19104	1
19106	1
19134	1
19135	1
19138	1
19504	1
19604	1
19814	1
19901	2
19902	1
19958	1
19973	1
2000	3
20004	1
20008	1
20010	2
20166	1
20782	1
20814	1
20818	1
20850	1
20878	1
20928	1
21030	1
21085	1
21136	1
21202	1
21209	1
21212	1
21215	1
21229	1
21403	1
21701	1
21977	1
22030	1
22060	2
22209	1
22315	2
22367	1
225	1
23183	4
23464	1
23509	1
236	1
23603	1
23669	1
23919	2
2400	8
24354	1
25297	1
27406	1
27519	1
27536	1
27539	1
27844	1
28213	1
28215	1
28216	1
28304	1
28314	1
28562	1
28803	1
29169	1
29406	1
29407	1
29469	1
29490	1
29520	1
29574	1
29607	1
29708	1
30043	1
30174	1
30214	1
30310	1
30316	1
30331	2
30909	1
31791	1
32304	1
32605	1
32751	1
32778	1
32818	1
33014	1
33025	1
33028	1
33029	8
33141	2
33154	1
33261	3
33308	1
33311	2
33322	2
33331	1
33334	1
33434	3
33437	2
33446	1
33473	1
33484	1
33486	1
3350	1
33625	1
33761	1
33771	1
33813	1
33844	1
33908	1
33952	2
34231	1
34446	1
34471	1
34481	4
34698	1
347-3	4
347-6	1
34734	1
34746	1
34951	1
355 O	1
36025	1
36077	1
36265	1
36606	1
36801	1
37089	1
37167	2
37211	1
38028	1
39402	1
40701	1
42420	1
43055	2
43068	1
43103	1
43119	1
43153	1
43221	1
43439	1
43613	1
44022	2
44070	1
44077	1
44108	1
45121	1
45241	1
45246	1
45373	1
48105	1
48215	1
48858	2
48901	2
52108	1
53024	1
53703	2
55391	1
55423	1
55635	1
56632	1
56649	1
57747	1
59978	1
60130	1
60640	1
60657	1
60661	1
61652	1
62396	1
63122	1
63130	1
646	1
65125	1
65802	1
66055	1
66221	1
67305	1
69026	1
70117	1
73529	1
74483	1
75011	1
75025	2
75060	1
75071	1
75500	1
75516	1
76132	1
76177	1
76178	1
77459	1
77619	1
77720	1
78404	1
78703	1
78723	1
78727	1
78759	1
7990	1
79901	1
80005	1
80079	1
80122	1
80504	1
81201	1
81795	1
81870	1
82947	1
84037	1
84625	1
85008	2
85702	1
85716	1
85957	1
87107	1
90025	1
90026	1
90040	1
90044	1
90066	1
91208	1
917	1
917/7	1
91783	1
92119	1
92130	1
92264	1
92270	1
92506	1
93108	1
93465	1
93706	1
93891	1
94112	1
94117	1
94301	1
94545	1
94605	1
94703	1
94705	1
95404	1
95476	1
96196	1
96793	2
96820	1
97103	1
97210	1
97756	1
98087	1
98102	1
98276	1
98332	5
98682	1
99163	1
9985	1
ABOUT	1
ADIDA	1
AIR M	1
ANONY	3
BILLI	3
BRONX	4
BUSIN	1
CALVI	1
CALZO	1
CHEAP	2
COMPL	1
DONDE	1
FL	1
GEAKV	1
HEY I	1
HI, I	1
HTTP:	1
ID	1
JACQU	1
JORDA	1
K0H 1	2
KA30	1
KICRF	1
KPAVC	1
L8244	1
LAETI	1
LET U	1
LIC	5
LINDS	1
LONGC	1
MBT S	1
MBT Z	1
MICHA	2
MULBE	1
MY	1
N/A	71
NA	20
NEW Y	4
NIKE	3
NONE	1
NOTUS	1
NY	30
NY 11	2
NY, N	1
NYC	1
OGTDY	1
PERFE	1
REPLI	1
ROSED	1
RéPL	1
SAMAN	1
STATE	1
THE J	3
TN34	1
WA9	1
X	1
YOUR	13
ZAPAT	2
ZIP	3
ZIWPT	1
ZZ369	1
\1121	1
`	1
`1003	1
`1110	2
