!0023	2
.	1
000000	4
0018	2
0025	1
0029	1
0065	2
01030	1
01040	2
01060	1
01121	1
01124	1
011712	1
01569	1
01581	3
01701	6
0172	5
01886	5
01923	34
01940	1
02021	1
02062	1
02108	1
02109	2
02110	12
02114	1
02116	33
02118	1
02139	1
02146	1
02169	5
02184	2
02189	1
02199	1
02210	12
02359	1
02451	5
02453	2
02454	1
02492	1
02653	2
02720	2
02745	2
02840	2
02895	11
02896	1
02903	2
02965	1
03079	1
03087	1
03773	2
03801	1
03842	2
04013	1
04101	8
06023	2
06026	1
06033	1
06040	1
06042	5
06052	2
06107	1
06141	1
06460	3
06482	1
06489	5
06511	4
06606	2
06611	1
06612	1
06613	1
06710	1
06755	1
06776	2
06784	2
06807	9
06810	2
06811	4
06824	4
06825	3
06830	19
06831	5
06840	1
06850	9
06851	28
06855	1
06873	1
06877	36
06878	2
06880	13
06883	5
06890	1
06890-107	2
06901	7
06902	12
06905	3
06907	1
07002	11
07003	4
07004	4
07005	6
07008	1
07009	4
07010	6
07011	1
07012	36
07013	2
07014	3
07016	11
07017	4
07018	1
07020	4
07024	111
07026	13
07028	1
07029	3
07030	25
07031	2
07032	3
07033	1
07036	6
07039	8
07042	2
07044	1
07046	2
07047	44
07052	3
07054	98
07055	23
07057	3
07059	2
07062	1
07065	1
07068	1
07070	2
07071	15
07072	121
07073	119
07074	1
07078	11
07079	2
07080	4
07081	8
07082	2
07083	5
07086	2
07087	5
07090	5
07091	1
07092	43
07093	35
07094	22
07095	10
07096	11
07101	1
07102	42
07103	2
07104	1
07111	87
07201	2
07224	1
0730	2
07302	27
07305	3
07306	6
07307	6
07309	3
07311	4
07401	6
07405	1
07420	1
07424	3
07430	19
07446	2
07450	3
07452	6
07458	10
07462	1
07470	13
07480	1
07495	3
07501	1
07503	4
07506	1
07508	7
07511	3
07512	5
07514	1
07601	6
07603	1
076032	1
07604	4
07605	4
07606	1
07608	1
07610	1
07621	1
07624	6
07626	2
07628	1
07630	1
07631	13
07632	26
076321	1
07635	1
07643	8
07644	2
07645	10
07646	1
07647	56
07648	1
07649	1
07650	3
07652	59
07657	20
07660	4
07661	3
07662	3
07663	1
07666	99
07670	1
07675	7
07676	1
07677	2
07701	8
07716	6
07719	3
07722	2
07723	1
07726	25
07727	4
07728	1
07730	36
07731	2
07733	9
07736	1
07737	1
07738	1
07746	4
07747	7
07748	7
07751	2
07753	3
07762	4
07764	1
07795	1
07820	1
07826	1
07869	1
07901	1
07905	1
07921	12
07928	1
07931	4
07936	7
07960	10
07980	7
07981	1
080101	1
08016	3
08030	1
08034	1
08054	30
08057	5
08312	1
08502	1
08510	2
08525	2
08527	7
08540	6
08542	4
08547	1
08551	1
08553	2
08559	1
08611	1
08619	1
08691	1
08701	44
08724	1
08732	1
08736	1
08738	1
08742	2
08755	1
08759	1
08807	1
08810	1
08816	8
08818	3
08820	4
08831	28
08837	16
08840	1
08844	1
08852	18
08854	3
08857	3
08858	1
08869	1
08873	2
08879	1
08882	1
08886	1
08901	36
08902	9
09401	1
09804	1
1	3
10	1
100	3
1000	2
10000	1
100001	15
100002	3
100003	1
100004	1
100005	1
100007	2
100009	4
10001	2362
10001-582	2
100010000	1
100011	3
100012	5
100013	4
100016	4
100017	1
100019	4
10002	641
100022	4
100023	2
100025	8
100027	2
100028	1
100029	1
10003	1878
10003-122	1
100032	2
100033	1
100035	3
100036	2
100038	2
10004	237
10005	267
10006	218
10007	1378
100071	1
10008	4
10009	663
10009-840	1
1001	9
10010	940
10011	1211
100115510	1
100119	2
10012	747
100124616	1
10013	1262
10013-243	1
10014	736
10014-	1
100144810	1
10015	4
10016	2060
10016-504	1
100161	1
100163	1
10017	1592
100176	2
10018	1544
10018-481	2
100180	1
100183	1
10019	2227
10019-111	3
100197	2
1002	3
1002.	1
10020	121
10021	1125
10021-35	1
100218	3
10022	2344
10022-165	2
10022-311	5
10023	1383
100237	3
10024	972
100242	1
10025	907
100257629	1
10026	162
10026-357	2
10027	609
10027`	3
10028	763
100287	3
10029	406
100296	1
1003	11
10030	145
10031	263
10032	243
100321	3
10033	245
10034	178
10035	154
10036	1173
10037	146
10038	1172
10039	96
1004	2
10040	133
10041	44
10043	3
10044	47
10045	1
10048	2
10049	1
10054	1
10055	6
10056	1
1006	1
10063	2
10065	879
10065-770	15
10066	2
10069	33
1007	3
10075	561
100750167	1
10076	1
1008	3
10080	1
10082	1
10085	1
1009	2
100919	1
10100	1
10101	1
10103	48
10104	21
10105	13
10106	63
10107	38
1011	2
10110	58
10111	136
10112	16
10113	1
10114	1
10115	6
10116	7
101161	1
10118	45
10119	141
10120	71
10121	44
10122	23
10123	71
10124	2
10125	1
10128	722
10128-684	1
10138	3
1014	2
1015	1
10150	9
10151	47
10152	20
10153	37
10154	163
10155	66
10156	6
10157	1
10158	18
10159	4
10163	5
10165	70
10166	80
10167	7
10168	32
10169	23
1017	1
10170	138
10171	18
10171-	2
10172	49
10173	3
10174	34
10175	13
10176	24
10177	39
10178	21
10179	5
10180	1
10181	1
10182	1
10185	1
10201	3
10208	1
10216	2
10218	1
1022	5
10222	2
10229	1
10233	1
10234	1
1025	1
10268	1
10271	16
10272	2
10277	3
10278	1
10279	13
10280	27
10281	100
102811	1
10282	24
10285	7
10286	16
103	5
1030	1
10301	462
103012	2
103014	9
10302	292
10302-200	1
10303	328
103034	1
10304	486
10305	585
10306	767
10307	272
103076	1
10308	364
103083	1
10309	646
10310	337
103102	1
103104	1
103106	2
103109	1
10311	1
10312	858
10313	2
10314	1139
10318	1
10319	1
103309	1
10358	2
1036	1
10368	1
10377	1
10403	2
10406	2
1041	1
10410	2
10412	4
10413	1
10414	1
10416	1
10417	1
10418	1
1043	1
10433	1
104456	1
104467	4
1045	1
10450	2
10451	497
104515	1
10452	175
10453	170
10454	227
10455	132
10456	204
10456`	1
10457	526
10458	280
10459	144
10460	242
10461	557
10462	434
10463	351
10464	77
104646	2
10465	420
10466	627
104665	1
10467	344
10468	141
10469	578
10470	152
10471	237
10471-012	2
10472	206
10473	301
10474	1038
10475	130
10476	2
10477	3
10480	1
1049	2
10501	1
10502	5
10504	2
10506	2
10507	20
10509	15
10510	2
10512	6
10514	6
10516	2
10519	1
10520	6
10522	6
10523	63
10524	1
10528	26
10530	97
10532	2
10533	1
10536	2
10538	62
10541	7
10543	61
10546	1
10547	1
10549	10
10550	719
10551	2
10552	2
10553	194
10560	2
10562	13
10563	1
10566	2
10570	7
10573	25
10577	31
10580	52
10583	70
10584	1
10591	12
10594	2
10595	5
10598	2
106	1
10601	128
10603	18
10604	15
10605	19
10606	20
10607	3
1069	1
10691	1
10701	70
107011	1
10703	129
10704	135
10705	82
10706	3
10707	19
10708	17
10709	6
10710	42
10743	1
10745	1
10801	276
10802	2
10803	50
10804	11
10805	1
10850	12
10861	2
10901	13
109010	1
10904	1
10913	44
10916	1
10918	1
10920	7
10923	1
10924	3
10928	1
10930	1
10949	7
10950	14
10952	21
10954	6
10956	13
10960	33
10961	1
10962	4
109620669	3
10964	1
10965	2
10970	5
10971	2
10974	1
10977	35
10980	2
10982	10
10983	2
10989	2
10990	4
10994	79
11	4
110004	2
11001	214
110013	1
110017	1
11002	11
110023	3
110025	2
11003	28
110031	2
110032	1
110038	2
11004	155
11006	1
110065	2
1101	5
11010	18
11011	12
11012	1
11013	1
11016	5
11017	1
11018	4
11019	4
11020	28
11021	501
11021-301	1
11022	27
11023	88
11023-412	2
11024	28
11025	5
11026	1
11027	1
11028	1
11029	5
1103	1
11030	104
11035	2
11038	1
11040	439
11042	127
11044	1
110456	1
110463	1
110471	1
110473	1
11048	1
11050	33
11050-466	2
1106	1
11068	1
11090	1
11096	11
11101	4989
11101-413	3
111011	1
111019	1
11102	226
11103	366
11104	198
11105	593
11106	333
11108	2
11109	22
11110	2
111101	1
111102	1
11111	5
111111	5
11113	2
111137	2
11116	2
11120	1
111207	1
111208	1
11121	1
111215	1
111216	1
11122	17
111221	1
111238	1
11128	2
11129	2
111354	4
111363	3
111365	1
11141	1
111413	1
111415	1
111428	3
11148	1
111548	1
11169	1
11178	1
112	3
1120	7
11201	1040
11201-	5
11201-505	1
112011	1
112017	1
11202	24
11203	639
11204	904
11204-223	2
11204-431	1
112049	1
11205	1693
11206	551
11207	760
11208	679
112081	1
11209	627
11209-456	1
11209-598	2
11209-630	5
1121	3
11210	549
11211	1377
112111	1
112114	2
112118	1
11212	578
112121	2
11213	433
11214	571
11215	1103
112151	1
11216	612
11217	510
112172823	1
11218	788
112184112	1
11219	1251
112199	1
1122	1
11220	1018
11221	644
11222	1438
11222-208	1
11222-615	2
112222	3
112224	4
11223	681
112230	1
112232	2
112234	1
112239	1
11224	304
11225	312
11226	409
11227	4
11228	492
112281	1
11229	602
11229-442	3
1123	5
11230	726
112305002	1
11231	695
11231-210	2
11232	391
112321	1
11233	582
112335	1
11234	933
11234-144	6
11235	731
11235-397	1
11236	727
11237	429
11237-081	1
112374	3
112378	2
11238	585
11239	57
1124	1
11241	15
11242	26
112427	1
11243	11
11244	5
11245	7
11249	336
11249-403	10
112494	1
1125	2
11250	1
11251	1
11254	2
11255	1
11257	1
11258	1
1126	1
11261	1
11263	2
11264	2
11266	1
11268	2
11269	1
11273	1
11275	3
11280	4
11285	4
11288	1
1129	3
11294	1
11297	1
113	2
11300	1
11301	2
11302	1
11303	2
11304	2
11305	3
11306	1
11307	1
11308	1
11309	1
11312	1
11313	1
11314	3
11316	1
11317	4
11319	1
11320	1
11323	1
11324	1
11326	2
11327	1
11332	1
11335	1
1134	2
11345	4
11346	1
11347	2
11348	1
11351	3
11352	2
11353	4
11354	1329
113543	1
11355	515
11356	499
113566	1
11357	626
11358	511
11359	4
11360	145
11361	491
11362	225
11363	144
11363-100	1
11364	378
11365	500
113654	1
11366	233
11367	300
11368	532
11369	272
11370	175
11371	2
11372	354
113729	1
11373	517
11374	409
11375	811
11377	501
113779	1
11378	668
113789	2
11379	335
11380	5
11382	3
11383	1
11385	727
11387	1
11388	1
11394	1
11396	1
11397	1
11401	1
1141	1
11411	206
114111	1
114112	1
114113	3
11412	520
11413	580
11414	348
11415	154
11416	363
11417	335
11418	669
11419	1976
11420	762
11421	268
114212	1
11422	379
11423	339
114234	1
11424	2
11426	228
11427	245
11428	245
11429	281
1143	1
11430	11
11431	2
11432	648
114322	1
114327	1
11433	356
114334	1
114335	1
114339	1
11434	775
114345230	140
11435	864
11435-633	5
114355	1
11436	1101
11437	1
114376	1
11439	6
11442	1
11443	1
11453	2
11456	8
11457	2
11458	6
1146	1
11460	2
11461	1
11462	1
11463	2
11465	1
11466	1
11467	6
11468	1
11469	2
11474	3
11475	1
11482	1
11496	1
11501	50
11502	1
11507	21
11509	15
11510	11
11514	39
11516	42
11518	8
11520	29
115270	5
11530	127
11534	1
11535	2
11537	3
11538	1
1154	1
11541	1
11542	18
11543	2
11545	34
11546	1
11547	4
11548	14
11550	21
11551	1
11552	19
11554	6
11555	4
11556	17
11557	17
11558	1
11559	27
11560	7
11561	17
11563	25
11565	3
11566	32
11568	14
11570	17
11571	1
11572	17
11575	4
11576	62
11577	70
11580	66
11581	28
11582	3
11583	5
11590	81
11594	10
11596	74
11598	66
115987	7
11610	1
11614	1
11639	1
116392	1
11649	1
11671	2
11679	1
1168	1
11681	2
11684	1
11688	3
11690	1
11691	583
11692	217
11693	256
116932	1
11694	263
116941	2
11696	1
11697	180
116997	1
117001	1
11701	10
11702	6
11704	15
11705	1
11706	20
11710	10
11714	10
11715	6
11716	1
11717	2
11718	1
11720	4
11721	54
11722	1
11725	19
11729	15
11730	4
11731	19
11732	4
11733	1
11735	26
11738	2
11739	2
11740	23
11741	13
11742	1
11743	23
11746	114
11747	26
11749	5
11751	15
11753	64
11754	1
11756	15
11757	359
11758	20
11759	1
117609	1
11761	2
11762	6
11763	4
11766	6
11768	1
11769	1
11771	11
11772	4
11776	12
11777	2
11779	17
11780	1
11783	4
11787	12
11788	39
11790	1
11791	212
11793	4
11795	6
11797	14
11801	47
118012	2
11802	2
11803	36
11823	1
118301	1
11893	1
11932	1
11935	1
11937	4
11940	5
11941	2
11946	2
11947	1
11953	1
11963	2
11968	1
11971	2
11976	6
11978	5
11980	3
12019	1
12060	1
12072	2
12095	1
1211	3
12110	1
1215	1
1216	1
1217	1
1220	1
12201	3
12207	12
12208	1
12209	1
12224	2
1223	1
12237	1
12238	2
1225	3
1226	1
1230	1
12313	1
1232	1
1237	1
1238	1
124	1
12401	2
12409	1
1243	2
1248	8
125	1
12518	1
12520	4
12521-555	3
12524	6
12534	2
12545	1
12549	7
12550	6
12553	1
12564	2
12572	1
12582	1
12584	1
12589	2
12590	1
12601	2
12603-246	1
12641	1
12760	1
12775	1
12866	9
13012	1
13026	1
13088	14
13090	4
1314	1
13202	1
13214	1
13303	5
13379	1
13502	1
1355	2
1357	1
13641	1
1369	1
1370	1
1378	1
1379	1
13790	1
1385	1
140010	2
141427	1
1419	1
1420	1
1422	2
1432	1
1436	1
14534	10
14589	1
14603	2
1462	1
1466	2
1471	2
15202	7
15205	1
15222	1
15236	1
15237	17
15238	1
15551	1
16015	1
16021	1
16031	1
16037	9
16053	1
16063	1
16066	1
16828	11
1693	1
17003	6
17104	4
17107	1
17543	1
17717	4
18049	1
18069	1
18103	1
18334	2
18337	1
18343	1
18508	1
18701	1
19006	1
1902	1
19025	1
19026	1
19038	4
19046	1
19047	8
19053	1
19102	12
19103	3
19104	2
19106	1
19132	1
19135	1
19136	1
19146	2
19305	1
19307	1
19380-456	1
19382	3
19406	1
19428	16
19462	1
19464	1
19466	1
19522	1
19610	2
19709	5
20003	2
20006	1
20007	1
20009	1
20015	4
20037	25
20191	3
20607	1
20706	1
20723	2
20770	2
20814	4
20886	1
21030	4
21078	1
21117	1
21204	2
21218	1
21226	1
212808	4
21403	2
22030	2
22033	1
22102	1
22192	6
22207	1
22314	1
2288	4
23059	2
23188	2
23236	1
2333	1
23464	1
236002	2
2710	1
27601	1
27615	1
27712	2
28235	2
28236	2
28374	2
28443	1
29306	5
29413	1
29615	2
30005	11
30067	1
30082	1
30094	2
30303	1
30305	11
30308	1
30338	2
30339	1
30340	2
30346	1
30366	3
312644	4
32837	1
32869	1
32955	1
33015	1
33025	1
33026	1
33062	2
33064	1
33127	1
33129	1
33131	5
33133	1
33134	3
33137	1
33139	2
33149	2
33160	1
33179	1
33182	1
33256	1
33301	1
33307	1
33312	2
33411	1
33418	12
33442	1
33455	1
33462	1
33468	2
33480	5
33483	1
33484	3
33487	2
33496	1
33534	2
33914	1
34108	15
34145	2
34236	1
34887	1
34994	1
37072	3
37204	1
37205	2
37277	1
37918	1
38103	2
38320	1
40031	1
41105	3
42701	1
43054	4
43216	1
43218	1
432182	1
43240	2
44121	2
44131	1
44562	1
44706	3
45011	1
45202	5
46220	1
46240	3
48076	5
48093	3
48104	1
48105	2
48108	1
48226	2
48875	3
48911	3
49417	1
49464	1
50328	1
52499	2
53117	1
53158	1
53177	1
55042	2
55057	1
55066	2
55116	2
55118	1
55401	1
55402	8
55403	9
55404	1
55408	1
55446	9
55447	9
57201	1
60005	1
60010	11
60015	6
60025	2
60062	4
60173	8
60174	1
60179	1
60523	392
60527	1
60602	1
60605	1
60606	46
60607	5
60610	1
60611	30
60614	1
60622	1
60645	1
60654	8
60661	3
60680	4
61001	1
63006	1
63105	1
63131	15
63134	1
64644	14
66211	3
66251	5
75010	1
75024	1
75038	1
75039	1
75062	5
75074	2
75201	1
75204	1
75219	2
75234	1
75270	4
76450	1
77025	5
77046	1
78232	1
78245	1
78701	1
78703	1
78756	1
80129	5
80202	4
80210	1
80237	3
80401	3
80788	10
81620	1
81621	2
84121	1
84150	2
85016	1
85704	1
85737	2
87122	2
89101	2
891177	1
89118	1
89147	3
89449	1
90013	1
90017	1
90028	1
90038	4
90040	2
90045	1
90049	2
90057	1
90064	1
90067	1
90071	1
90211	2
90230	1
90232	2
90265	3
90278	1
90401	13
90404	2
90630	1
90702	21
91202	3
91367	1
91403	4
91423	5
91521	1
91731	3
917586	1
92130	1
92618	2
92626	4
92627	2
92651	2
92660	4
93063	1
93923	1
94027	1
94102	1
94103	4
94104	1
94105	4
94107	4
94109	1
94110	1
94111	2
94304	1
94549	1
94568	5
94611	3
95014	1
95358	4
95402	1
95819	1
97229	1
97702	2
98070	2
98104	1
98134	1
98168	12
98311	1
99210	35
H4P 1M7	2
H4R 3J4	1
V4A 1B7	3
