0	1
10001	873
10002	1483
10003	2265
10004	495
10005	311
10006	270
10007	925
10008	13
10009	1583
1001	1
10010	1441
10011	3338
10012	1118
10013	2093
10014	2051
10015	9
10016	1729
10017	874
10018	349
10019	1521
1002	7
10020	41
10021	3208
10022	2088
10023	3982
10024	4175
10025	4173
10026	738
10027	1221
10028	2990
10029	1164
10030	438
10031	1388
10032	1016
10033	896
10034	548
10035	440
10036	1126
10037	377
10038	794
10039	325
1004	3
10040	568
10041	1
10043	1
10044	349
10046	1
10050	2
10053	1
10058	3
10063	1
10065	1654
10066	1
10068	1
10069	254
1007	2
10070	1
10075	1394
10077	1
10078	1
10082	6
10083	1
1009	4
10091	1
10094	1
10095	1
10101	1
10103	17
10104	5
10105	5
10106	10
10107	9
10108	19
10109	1
1011	1
10110	2
10111	9
10112	3
10113	6
10116	7
10117	2
10118	2
10119	1
10120	3
10121	5
10122	6
10123	17
10124	3
10125	11
10126	7
10128	3332
10129	8
10131	1
10150	6
10151	11
10152	6
10153	5
10154	5
10155	10
10156	1
10158	26
10159	3
10162	68
10163	15
10165	16
10166	31
10168	7
10169	4
10170	9
10171	6
10172	3
10173	1
10174	1
10175	5
10177	1
10178	13
1018	1
10185	3
10217	1
10230	2
10253	2
10263	1
10268	3
1027	1
10270	1
10271	2
10274	1
10275	2
10276	2
10279	56
1028	2
10280	388
10281	7
10282	164
10285	1
1029	1
10301	1148
10302	208
10303	233
10304	1049
10305	618
10306	959
10307	378
10308	342
10309	560
10310	534
10311	4
10312	955
10313	3
10314	1596
10317	2
10319	1
10324	1
10326	1
10338	1
10356	1
10364	1
1037	1
10373	2
10376	1
10390	1
104	1
1040	6
10401	4
10407	1
10423	1
10436	1
1045	1
10450	3
10451	425
10452	799
10453	483
10454	230
10455	264
10456	601
10457	509
10458	621
10459	281
10460	438
10461	663
10462	840
10463	1291
10464	194
10465	636
10466	347
10467	525
10468	457
10469	731
10470	131
10471	754
10472	417
10473	517
10474	56
10475	270
10476	1
10477	1
10479	1
10481	2
10482	1
10483	1
10489	1
10501	11
10502	54
10503	6
10504	155
10505	6
10506	97
10507	12
10508	4
10509	12
10510	105
10511	3
10512	22
10514	175
10516	12
10518	32
10519	1
10520	52
10522	48
10523	36
10524	10
10526	10
10527	9
10528	89
10530	76
10532	21
10533	85
10535	1
10536	111
10538	216
1054	1
10541	58
10542	1
10543	123
10544	2
10546	2
10547	8
10548	22
10549	109
10550	77
10551	2
10552	113
10553	33
10554	1
10556	1
10557	1
10560	25
10562	68
10566	30
10567	63
10570	61
10573	81
10574	1
10576	59
10577	83
10579	15
10580	226
10582	2
10583	678
10585	3
10587	2
10588	3
10589	28
10590	24
10591	89
10592	2
10594	15
10595	67
10596	1
10597	12
10598	96
105F0	1
105R3	1
1060	9
10600	1
10601	60
10602	2
10603	45
10604	50
10605	105
10606	39
10607	33
1062	4
10643	2
10673	1
10680	1
10683	1
10689	2
10695	1
10696	1
10701	128
10702	1
10703	44
10704	88
10705	97
10706	106
10707	46
10708	198
10709	58
10710	138
10726	2
10730	1
10764	1
10800	1
10801	152
10803	190
10804	260
10805	40
1081	1
1085	4
10853	1
10857	1
10863	1
10880	3
10890	1
10901	79
10909	1
10913	25
10914	1
10916	3
10917	1
10918	16
10920	25
10921	3
10922	2
10923	1
10924	15
10925	5
10926	4
10927	1
10928	2
10930	15
10931	1
10933	1
10940	26
10941	3
10950	60
10952	64
10954	39
10956	134
10958	1
10960	46
10962	21
10963	1
10964	12
10965	23
10966	1
10968	5
10969	2
10970	36
10973	1
10974	4
10976	1
10977	44
10980	13
10983	18
10984	5
10987	5
10989	35
10990	22
10992	17
10993	3
10994	22
10996	1
11000	1
11001	154
11002	2
11003	133
11004	207
11005	76
11009	1
1101	1
11010	55
11011	1
11013	3
11016	1
11019	1
1102	2
11020	144
11021	375
11022	2
11023	112
11024	135
11025	3
11027	1
11030	526
11031	1
11033	2
11040	343
11042	33
11046	1
1105	1
11050	339
11053	5
11054	1
1106	4
11060	2
11068	1
1107	1
11070	1
1108	1
11090	2
11092	1
11093	1
11096	21
11101	730
11102	775
11103	730
11104	504
11105	1113
11106	605
11107	1
11108	1
11109	142
11120	1
11122	2
11123	1
11174	2
11179	1
1118	1
11181	1
11184	1
11200	1
11201	3510
11202	22
11203	797
11204	1045
11205	1154
11206	917
11207	1063
11208	907
11209	1851
1121	2
11210	1266
11211	1141
11212	380
11213	855
11214	971
11215	3238
11216	1148
11217	1606
11218	1123
11219	906
1121O	1
1122	1
11220	745
11221	1015
11222	444
11223	1383
11224	776
11225	1150
11226	1118
11227	1
11228	850
11229	844
1123	1
11230	1401
11231	1231
11232	226
11233	1161
11234	1605
11235	1503
11236	1003
11237	367
11238	2291
11239	119
11241	118
11242	23
11243	21
11244	3
11245	3
11247	5
11248	2
11249	346
11255	6
11256	1
11257	1
11258	1
11259	1
1126	2
11260	5
11263	1
11265	1
11268	2
11271	1
11275	1
11280	1
11285	1
1129	1
11297	1
11298	1
11301	1
11305	1
11306	1
11313	1
11314	2
11315	1
11328	1
11330	1
11336	1
11337	1
11345	1
11346	1
11349	1
11350	2
11351	1
11352	1
11354	1057
11355	1095
11356	289
11357	1057
11358	798
11359	1
11360	660
11361	494
11362	402
11363	661
11364	635
11365	785
11366	328
11367	711
11368	415
11369	308
11370	412
11371	4
11372	1512
11373	632
11374	372
11375	1555
11376	1
11377	919
11378	310
11379	623
11380	3
11382	2
11383	1
11385	613
11388	1
11389	1
11396	3
11410	2
11411	515
11412	552
11413	607
11414	434
11415	240
11416	216
11417	253
11418	382
11419	322
11420	290
11421	252
11422	452
11423	399
11424	5
11425	6
11426	254
11427	441
11428	168
11429	298
11430	11
11431	7
11432	1081
11433	526
11434	922
11435	658
11436	156
11437	2
11438	1
11439	1
11442	2
11449	1
11451	1
11452	1
11461	1
11464	1
11467	1
11481	1
1150	2
11501	103
11502	3
11503	1
11507	112
11509	33
1151	1
11510	168
11511	1
11512	1
11513	4
11514	13
11515	1
11516	78
11517	1
11518	33
11520	134
11526	1
11528	1
11530	261
11533	1
11538	1
11539	1
11542	102
11545	229
11546	1
11548	20
11550	123
11552	73
11553	41
11554	128
11555	2
11556	9
11557	125
11558	18
11559	223
11560	116
11561	156
11563	61
11565	50
11566	146
11567	1
11568	147
11569	14
11570	188
11571	2
11572	101
11573	1
11574	1
11575	38
11576	295
11577	169
11578	1
11579	18
11580	209
11581	140
11582	3
11587	1
11589	1
11590	163
11595	3
11596	92
11598	162
11619	1
11634	2
11646	1
11654	1
11691	730
11692	93
11693	166
11694	662
11696	1
11697	124
1170	2
11701	31
11702	40
11703	8
11704	31
11705	9
11706	42
11709	24
1171	4
11710	104
11712	1
11713	9
11714	77
11715	5
11716	8
11717	30
11718	14
11719	3
11720	14
11721	34
11722	14
11723	1
11724	37
11725	62
11726	10
11727	18
11729	30
11730	20
11731	43
11732	20
11733	27
11735	47
11738	7
11739	8
11740	23
11741	22
11742	12
11743	164
11745	5
11746	249
11747	114
11748	1
11749	2
11751	40
11752	6
11753	160
11754	14
11755	16
11756	52
11757	43
11758	157
11762	51
11763	13
11764	13
11765	14
11766	16
11767	16
11768	71
11769	7
11770	3
11771	141
11772	26
11775	1
11776	19
11777	11
11778	6
11779	21
1178	1
11780	35
11782	15
11783	40
11784	8
11786	3
11787	86
11788	68
11789	4
11790	9
11791	291
11792	6
11793	87
11795	24
11796	3
11797	104
11798	19
11801	91
11802	3
11803	130
11804	21
11809	1
11814	1
11821	1
11832	2
11853	1
11901	8
11907	5
11916	1
11919	1
11927	1
11930	11
11931	2
11932	9
11933	4
11934	7
11935	5
11936	1
11937	96
11939	8
11940	3
11941	5
11942	3
11944	7
11946	17
11948	2
11949	2
11950	2
11951	11
11952	19
11953	5
11954	3
11956	1
11957	1
11958	1
11959	12
11960	6
11961	11
11962	2
11963	53
11964	3
11965	7
11967	2
11968	79
11969	1
11971	3
11973	1
11975	7
11976	17
11977	16
11978	9
11986	1
11987	1
12001	1
1201	1
12010	1
12015	4
12017	1
12018	2
12019	4
12020	4
12046	1
12047	2
12051	1
12053	3
12054	49
12057	1
12058	1
12060	1
12061	9
12062	1
12065	25
12067	5
12075	2
12076	1
12077	5
12078	3
12084	6
12085	1
12087	1
12096	1
12106	3
12110	41
12118	1
12123	3
12125	2
12131	1
12136	2
12144	19
12147	1
12148	1
1215	1
12157	1
12158	10
12159	16
12165	4
12180	7
12182	1
12183	2
12184	6
12186	5
12188	2
12189	2
12192	1
1220	1
12201	11
12202	8
12203	28
12204	5
12205	11
12206	3
12207	109
12208	39
12209	3
1221	1
12210	141
12211	155
12212	3
12219	1
12220	2
12230	1
12241	1
1225	2
12250	1
1226	1
12271	1
1230	3
12302	4
12303	13
12304	1
12305	1
12306	1
12307	1
12308	1
12309	21
1233	1
1236	1
1237	1
12401	16
12402	9
12404	7
12409	3
12410	1
12414	4
12427	1
12428	5
12433	1
12440	4
12441	1
12443	13
12448	1
12449	3
12458	1
12459	1
12461	2
12464	1
12466	4
12474	1
12477	6
12480	2
12484	4
12486	1
12489	2
12491	2
12494	1
12495	2
12496	2
12498	3
12501	4
12502	6
12503	1
12508	14
12514	3
12515	3
12518	4
12519	1
12520	6
12521	5
12524	7
12525	4
12528	5
12529	7
12531	2
12533	17
12534	5
12538	1
1254	6
12540	6
12544	1
12545	10
12546	2
12547	1
12548	1
12549	8
12550	26
12552	1
12553	24
12561	14
12563	3
12564	19
12566	4
12567	2
12569	2
1257	1
12570	4
12571	10
12572	20
12574	4
12575	1
12577	3
12578	1
1258	3
12580	1
12581	1
12582	3
12583	3
12585	1
12586	7
12589	3
12590	23
12592	1
12594	3
12601	10
12603	11
1262	1
12641	1
1266	2
1267	1
12678	2
12701	11
12711	2
12719	1
12721	4
12729	1
12733	2
12736	1
12738	1
12742	1
12747	2
12748	1
12749	1
12754	2
12764	1
12766	2
12768	1
12771	4
12775	2
12776	1
12779	4
12783	1
12801	2
12804	1
12814	1
12815	4
12824	1
12831	2
12833	1
12835	1
12838	2
12866	20
12901	2
12917	1
12941	7
12983	3
12993	1
1301	1
13027	1
13031	2
13035	3
1304	2
13055	1
13066	3
13078	4
13082	1
13088	1
13104	2
13114	1
13118	1
13126	1
13152	1
13201	1
13202	5
13203	2
13204	2
13205	1
13207	4
13208	3
13210	5
13211	1
13212	1
13214	2
13215	2
13219	1
13224	2
13312	1
13320	2
13323	1
13326	3
13346	1
13355	1
13413	1
13421	1
13424	3
13428	1
13440	2
13501	5
13502	1
13505	1
13601	3
13676	1
13685	1
13731	1
13736	2
13750	1
13753	2
13756	3
13760	2
13776	1
13778	1
13786	1
1379	1
13790	3
13812	2
13820	1
13830	2
13846	1
13850	1
13865	3
13868	2
13902	1
13903	1
13905	2
14011	1
14043	5
14051	4
14057	1
14072	4
14075	2
14094	2
14103	1
14127	6
14201	2
14202	11
14203	3
14206	1
14207	1
14208	4
14209	5
14211	4
14213	1
14214	7
14215	2
14216	2
14217	4
14221	11
14222	7
14223	3
14224	4
14225	1
14226	8
14227	2
14228	1
14233	1
14301	1
14303	1
14305	1
14424	3
14425	1
14434	1
14450	8
14454	5
14456	5
14468	1
14472	1
14487	1
1451	3
14513	4
14519	1
14521	1
1453	1
14534	6
14551	1
14564	2
14580	4
14586	1
14602	1
14604	8
14607	8
14608	1
14609	2
14610	6
14612	9
14618	11
1462	3
14620	1
14624	2
1464	1
14701	1
14727	1
14817	1
14845	2
14850	12
14852	1
14864	1
14865	1
14867	1
14870	1
14889	1
14901	1
14905	3
15001	1
15017	4
1502	1
15065	1
15091	2
15101	2
15103	1
15108	4
15142	1
15146	1
15203	1
15205	1
15206	3
15207	1
15208	2
15212	2
15213	1
15216	1
15217	7
15221	1
15222	3
15228	2
15232	2
15233	1
15237	2
15238	7
15239	1
15243	2
15301	1
1541	1
1543	1
1545	1
1550	1
15522	1
1553	1
15560	1
15561	1
15601	1
15650	1
15701	1
1580	1
1581	1
15825	1
1595	1
1602	1
1604	2
16040	1
16057	2
16063	2
1609	1
16101	1
16415	3
16441	1
16652	1
16803	2
1691	1
17011	5
17013	3
17026	1
17036	2
17042	3
17043	1
17046	2
17050	3
17055	2
17101	1
17110	3
17111	3
17264	1
1730	1
17331	1
17363	1
17374	1
1740	1
17403	4
1741	1
1742	4
1746	5
1748	1
1749	1
1752	1
17522	1
17545	1
17569	1
17590	1
1760	3
17601	1
17603	2
17652	1
17702	2
1773	1
1776	2
1778	7
17815	1
17834	2
17901	2
17965	1
1797	1
18000	10
1801	2
18013	3
18015	6
18017	1
18018	1
18020	1
1803	5
18034	5
18045	2
18049	1
18058	1
18062	5
18064	4
18077	1
18091	1
1810	5
18102	4
18103	2
18104	3
18202	2
18222	1
18301	4
18302	7
1832	1
18324	7
18326	2
18330	4
18337	1
18344	1
18346	4
18349	1
18350	1
18353	2
18360	4
18405	1
18411	4
18426	1
18428	2
18436	4
18438	1
1844	4
1845	1
18451	1
18458	2
18466	5
18505	1
1851	2
18510	1
18623	1
1867	2
18701	1
18702	1
18705	1
18764	1
1880	2
18801	1
18831	2
18848	2
1890	1
18901	3
18902	3
18914	2
18920	2
18938	13
18940	5
18944	1
18947	4
18951	1
18974	2
18976	2
18977	3
19001	3
19002	3
19003	8
19004	2
19006	14
19007	2
19008	1
19010	5
19012	1
19020	1
19021	1
19022	2
19025	4
19026	5
19027	6
19034	8
19035	5
19038	7
19040	1
19041	3
19044	1
19046	3
19047	1
19050	2
19053	1
19060	1
19061	4
19063	2
19066	10
19067	6
19072	6
19073	3
1908	1
19081	5
19085	14
19086	1
19087	5
19095	1
19096	12
19102	4
19103	78
19104	2
19106	16
19107	9
19111	2
19114	2
19115	2
19116	12
19118	9
19119	9
19122	2
19123	3
19124	2
19127	3
19128	4
19129	3
19130	15
19131	1
19133	1
19135	2
19141	1
19143	4
19144	3
19145	5
19146	2
19147	14
19150	1
19151	5
19152	1
19153	1
19154	1
1921	1
1922	1
1923	4
1929	1
19301	1
19311	1
19312	5
19317	3
19330	2
19333	1
19335	2
19341	3
19342	9
19348	12
19350	3
19355	4
1938	4
19382	4
19401	1
19403	2
19405	1
19406	1
19422	2
19426	2
19428	1
1944	8
19444	12
19446	4
1945	3
19454	4
19460	1
19462	7
19464	1
19465	1
1950	1
19518	6
19519	2
19549	1
1960	2
19604	1
19605	1
19606	2
1970	4
19701	5
19702	2
19707	2
19720	1
19802	2
19805	1
19806	2
19807	7
19808	1
19809	1
19810	1
1983	3
1985	1
19899	1
19901	3
19958	3
19963	1
19968	1
19971	1
19973	1
19975	1
1ER	1
1O463	1
20001	171
20002	52
20003	61
20004	29
20005	65
20006	31
20007	85
20008	74
20009	147
2001	1
20010	30
20011	30
20012	10
20013	3
20015	42
20016	106
20017	6
20018	8
20019	4
20020	7
20024	17
20032	1
20033	2
20036	39
20037	14
20040	1
20042	1
2005	1
20052	1
20059	1
20067	1
2007	2
20090	2
20092	1
20105	4
20108	1
20112	1
20115	3
20117	1
20120	2
20124	5
20132	2
20136	2
20147	4
20148	1
20164	1
20165	1
20166	2
20169	2
20171	5
20176	6
20177	1
20189	4
2019	1
20190	4
20191	2
20194	3
20197	1
2021	2
2025	4
2030	2
2038	1
2043	2
2045	1
2050	1
20500	2
2052	1
20602	2
20603	2
20607	1
20654	1
2067	2
20676	2
20705	1
20706	3
20707	1
20715	2
20716	2
20720	2
20722	1
20723	1
20724	3
20735	1
20740	5
20744	1
20745	1
20746	1
20747	4
20751	1
20765	3
2077	1
20770	2
20772	4
20774	7
20778	1
20781	1
20782	8
20783	1
20785	4
20813	1
20814	26
20815	58
20816	18
20817	23
20818	2
20825	4
20832	2
20850	4
20852	10
20853	2
20854	50
20855	4
20861	1
20866	3
20868	2
20871	1
20874	5
20877	1
20878	26
20886	1
20895	7
20901	9
20902	13
20903	1
20904	4
20905	2
20906	4
20910	24
20912	16
2096	1
21001	1
21029	2
21030	2
21037	1
21042	4
21043	3
21044	13
21045	3
21046	1
21048	1
21061	1
21075	3
21076	41
21078	1
2108	6
21085	4
21087	1
21093	1
2110	3
21108	2
2111	5
21117	3
21122	1
2113	1
21131	1
21133	1
21136	1
2114	5
21144	2
2115	3
2116	13
2118	10
2119	2
2120	4
21201	3
21204	1
21206	2
21208	2
21209	9
21210	7
21211	1
21212	3
21214	4
21215	4
21217	2
21218	3
21221	1
21224	1
21228	2
21230	4
21231	2
21233	1
21234	3
21236	2
21239	2
2124	6
21244	3
2125	1
2127	4
2128	1
2129	2
2130	6
2131	5
2132	4
2134	1
2135	2
2138	31
2139	16
2140	5
21403	6
21405	1
21409	1
2141	2
2142	1
2143	5
2144	4
2145	6
2149	1
2150	1
2155	2
21601	3
2163	4
21638	1
2168	2
21701	3
21703	1
21706	1
2171	1
21710	5
21727	1
21742	1
2176	7
21797	1
2180	1
21801	2
21804	1
21818	1
2184	1
21842	2
2186	6
2199	4
22002	1
22003	2
22024	1
22025	5
22027	2
22030	13
22031	5
22032	1
22033	8
22039	11
22041	10
22042	3
22043	1
22044	4
22046	1
22066	3
22079	4
2210	1
22101	12
22102	17
22121	1
22124	1
22134	1
2215	3
22150	1
22152	1
22153	7
22180	8
22181	5
22182	9
22185	1
22191	2
22192	2
22201	22
22202	10
22203	10
22204	8
22205	12
22206	6
22207	19
22209	11
22213	1
22301	14
22302	13
22304	9
22305	5
22306	4
22307	28
22308	4
22309	3
22310	4
22312	4
22314	26
22315	5
2238	1
22401	1
22405	2
22407	1
22508	1
22572	1
22603	1
22655	1
22797	1
22901	7
22903	2
22905	1
22936	1
23005	1
2301	1
23060	1
23102	1
23112	1
23114	1
23116	2
23220	3
23222	3
23227	1
23228	1
23229	1
23236	1
2332	9
23323	1
2333	1
2339	2
23434	1
23435	1
23451	2
23455	1
23462	1
23464	3
23505	1
23507	1
23510	1
23518	1
23523	1
2356	1
2360	2
23601	1
23606	3
23607	2
23668	2
23669	1
2368	2
23692	1
23701	1
23703	3
2382	1
23831	2
23832	2
23836	1
24014	1
24018	2
24083	1
24091	2
24179	1
2420	1
2421	7
24244	1
24360	1
24416	1
2445	16
24450	1
2446	14
24504	3
2451	2
24529	1
2458	7
2459	8
2460	4
2461	2
2464	2
2465	2
2467	17
2468	3
2472	3
2474	3
2476	4
2478	17
2481	16
2482	3
2492	3
2493	4
2494	4
24941	1
2535	3
2539	1
2540	1
25401	1
25414	2
25425	1
25443	1
25504	1
2554	10
2557	1
2563	1
2568	1
25770	1
25801	1
26003	1
26201	1
2630	1
2631	2
2638	2
2641	1
2642	2
2645	1
26505	3
2653	1
2655	3
2657	1
2662	1
2673	1
27006	2
2703	2
27103	2
27106	5
27127	1
27262	1
27301	1
27376	1
27403	1
27406	1
27407	2
27408	4
27410	1
27420	1
27455	2
2746	1
2748	4
27511	6
27513	2
27514	2
27516	2
27517	4
27518	4
27519	5
27523	2
27526	2
27527	1
27537	1
27546	1
27560	1
27591	1
27597	2
27604	1
27606	2
27607	1
27608	3
27610	6
27612	3
27613	4
27614	1
27615	3
27617	2
2766	1
27701	2
27702	1
27703	2
27704	1
27705	1
27709	2
2771	1
27712	2
2780	1
27817	2
27834	4
27856	1
27886	1
27948	1
27949	1
27959	1
28025	1
28031	1
28078	2
28080	1
28104	1
28105	5
28117	1
28126	1
2813	3
2816	1
28173	4
2818	4
28202	2
28203	1
28208	1
28209	1
28210	3
28211	1
28212	1
28215	5
2822	1
28226	2
28227	1
28269	1
28270	1
28273	2
28277	6
28278	1
28301	1
28312	1
28374	2
2840	6
28403	1
28405	1
28409	2
28412	4
28422	1
28425	2
28429	1
28480	1
28512	1
28513	1
2852	1
28540	1
28546	1
28557	6
28590	2
28604	1
2861	1
28613	2
2864	1
28692	1
28709	1
2878	5
2879	4
28791	1
28801	1
28803	2
28804	3
28805	1
2881	1
2888	1
2891	1
2898	1
2903	7
2905	7
2906	8
29063	5
2907	1
2908	2
2909	2
2911	1
29201	1
29202	1
29205	1
29209	2
29223	1
29306	1
29401	4
29403	2
29405	1
29407	2
29412	1
29451	1
29464	1
29492	3
29536	2
29576	1
29577	1
29602	2
29631	1
29644	1
29662	1
29707	1
29745	1
29812	1
29831	1
29909	2
29910	1
29928	1
30002	1
30004	4
30009	2
30013	1
30017	1
30022	7
30024	1
30030	10
30033	2
30034	2
30038	1
30039	2
30040	5
30041	5
30043	1
30044	5
30045	1
30047	10
30052	1
30058	2
30060	1
30062	2
30064	2
30066	2
30067	1
30075	2
30076	3
30082	8
30083	1
30088	1
30093	2
30094	1
30096	1
30097	2
30101	3
30102	1
30114	1
30120	1
30122	1
30126	1
30127	1
30135	4
30144	1
30152	1
30157	1
30161	1
30213	1
30214	4
30215	1
30223	1
30269	1
30281	3
30290	1
30291	1
30296	1
30301	3
30303	4
30305	3
30306	11
30307	5
30308	4
30309	6
30310	1
30311	1
30312	2
30313	25
30316	3
30317	4
30318	2
30319	2
30324	5
30326	2
30327	5
30328	4
30329	1
3033	1
30331	4
30333	1
30336	1
30337	1
30338	1
30339	5
30340	1
30342	9
30344	2
30345	2
30349	3
30350	2
30355	1
30357	1
3038	1
3051	2
30536	3
30566	1
30601	6
3062	1
30622	1
30642	2
3076	1
30815	1
3087	1
30904	1
3096	1
31005	2
3101	1
3102	1
31028	1
3104	2
31047	2
31088	1
3110	5
31210	1
3128	1
31401	1
31410	1
31411	1
31414	4
31602	3
31901	1
31909	1
32003	2
32065	1
32080	1
32082	1
32086	1
32118	1
32124	2
32127	1
32137	3
32159	1
32164	4
32207	1
32218	1
32219	1
32223	1
32225	2
32236	1
3230	1
32301	3
32302	1
32308	2
32327	1
32447	1
3245	2
3246	1
32541	1
32550	1
32583	1
32601	1
32605	2
32609	2
32666	1
32667	1
32713	1
32720	1
32746	2
32765	1
32766	2
32771	2
32779	4
32780	2
32792	1
32801	3
32802	1
32804	2
32807	1
32809	2
32819	2
32821	1
32822	1
32824	7
32825	1
32828	7
32833	2
32835	3
32903	1
32907	1
32911	2
32937	1
32940	1
32955	3
32958	2
32960	3
32963	1
32967	3
33009	7
33010	1
33014	1
33015	2
33019	8
3302	1
33020	1
33021	8
33025	5
33026	1
33027	3
33028	1
33029	3
33032	1
33037	4
3304	2
33040	6
33060	1
33062	3
33064	5
33065	4
33066	1
33067	8
33068	1
33069	1
33071	4
33073	2
33076	6
33090	1
33101	1
33109	4
33127	1
33129	1
33130	2
33131	19
33132	3
33133	22
33134	25
33137	10
33138	3
33139	40
33140	26
33141	20
33142	1
33143	13
33146	6
33149	6
33152	1
33154	5
33155	1
33156	16
33157	2
33160	20
33162	2
33165	1
33166	1
33169	5
33176	3
33178	2
33179	3
33180	21
33181	4
33184	1
33185	3
33186	1
33187	2
33193	1
33301	16
33304	4
33305	9
33307	1
33308	14
33309	1
33311	1
33312	4
33314	1
33316	7
33317	2
33319	1
33321	8
33322	6
33323	1
33324	5
33325	4
33326	4
33327	3
33328	3
33330	1
33331	2
33334	4
33394	1
33401	7
33404	2
33405	1
33407	3
33408	11
33409	2
33410	11
33411	5
33413	1
33414	5
33415	1
33417	1
33418	15
33424	1
33428	4
33431	4
33432	20
33433	3
33434	4
33435	3
33436	1
33437	6
33441	1
33442	4
33444	1
33445	3
33446	8
33449	1
33455	3
33458	1
33462	1
33463	9
33467	4
33469	1
33470	2
33472	1
33473	1
33477	5
33478	2
33480	54
33481	2
33483	2
33484	3
33487	10
33496	10
33498	2
33510	1
33511	1
33527	1
33543	1
33544	1
33549	4
33556	2
33558	1
33559	1
33569	2
33572	3
33576	1
33602	2
33606	2
33609	4
33610	1
33611	2
33612	1
33613	1
33614	3
33615	1
33618	1
33619	1
33629	10
33647	1
33701	2
33704	1
33707	2
33711	1
33713	2
33716	1
33755	1
33761	1
33763	2
33764	2
33767	6
33781	1
33785	1
33801	2
33811	1
33896	1
33908	4
33921	3
33931	2
33957	1
33967	1
33980	1
34055	1
34072	2
34102	3
34105	1
34108	6
34109	3
34110	2
34114	1
34119	1
34120	3
34134	1
34135	3
34201	2
34202	1
34203	2
34207	2
34221	1
34223	1
34228	4
34229	1
34231	4
34233	1
34235	4
34236	7
34239	1
34242	2
34243	17
34275	2
34277	2
34293	3
3431	1
34345	1
3444	2
34491	1
34547	1
34608	3
34653	2
34669	1
34684	1
34685	3
34698	2
34711	1
34736	2
34741	3
34744	2
34746	4
34747	1
34759	1
34761	3
34786	2
34952	2
34983	1
34986	2
34990	2
35111	1
35173	1
35201	1
35209	1
35217	1
35222	1
35242	1
35243	1
35294	1
35401	2
35650	1
35758	1
35801	3
35805	1
36003	1
36013	1
36040	1
36064	1
36104	2
36111	1
36117	1
36528	1
36549	3
36602	1
36695	1
36830	1
37043	1
37055	1
37066	1
37067	2
37115	1
37122	1
37129	1
37201	1
37203	3
37204	1
37205	5
37206	3
37208	1
37211	4
37212	14
37214	1
37215	8
37216	1
37220	1
37221	1
37377	1
37405	1
3755	1
37660	1
37701	3
37738	1
37920	2
37929	3
37934	1
38004	1
3801	3
38104	2
38108	5
38112	1
38119	2
38120	5
38138	1
38139	1
38305	1
3833	4
3870	3
3871	1
3885	1
38901	1
3894	1
3901	1
3902	1
3905	1
39060	1
3908	1
3910	1
39110	1
39213	1
39402	1
39886	8
40014	1
40059	2
40111	1
4019	1
40206	1
40208	1
40214	1
40220	3
40223	2
40241	1
40243	2
40245	1
40353	1
4038	4
4046	1
40471	1
40502	1
40503	1
40504	1
40505	1
40508	1
40515	1
40517	1
4072	2
40831	1
4096	2
41008	5
4101	2
4103	2
4105	1
4106	1
4107	2
41302	1
41501	1
41783	1
4210	1
42628	1
4274	1
43	1
43023	3
43054	2
43068	1
43085	1
43201	3
43202	1
43212	1
43213	1
43215	2
43219	3
43221	2
43402	1
43450	1
43502	2
4355	1
43725	1
43773	1
43821	1
44022	1
44030	1
44074	3
44077	1
44094	1
44102	1
44111	1
44112	1
44113	1
44114	3
44118	1
44122	5
44124	1
44131	1
44134	1
44136	1
44139	2
44142	1
44236	2
44240	1
44273	1
44313	1
44321	3
44333	9
44425	10
44504	1
44505	1
44512	1
44685	1
44720	2
4473	1
45039	1
45044	2
45069	3
45140	3
45206	2
45208	1
45215	1
45226	1
45230	1
45231	1
45238	1
45244	1
45245	1
45249	1
45327	1
4538	1
45430	1
45475	1
45701	1
4578	1
46012	2
46032	7
46033	1
46038	2
46040	1
46052	1
46060	1
46077	2
46107	1
46112	1
46123	1
46142	2
46158	1
46168	3
46202	1
46204	1
46205	3
46208	1
46218	1
46220	4
46228	1
46254	1
46268	4
46278	1
46303	1
46307	1
4631	1
46311	3
46312	2
46321	3
46322	1
46385	1
4646	2
46530	2
46545	1
46567	1
46617	2
46635	2
46637	1
4676	1
46787	1
46802	1
46804	1
46809	1
4685	1
46902	2
47112	5
47129	1
47130	1
47143	1
47203	1
47240	2
47326	2
47401	3
47408	1
47591	1
47597	3
47711	4
47714	2
47720	1
47804	1
47905	2
47906	2
47980	1
48009	3
48025	2
48033	2
48067	2
48071	2
48075	3
48084	2
48103	5
48104	3
48105	4
48108	3
48111	1
48120	2
48121	2
48124	1
48141	1
48164	1
48182	1
48183	2
48187	1
48188	2
48197	1
48202	9
48207	3
48214	1
48219	2
48220	1
48221	3
48224	1
48226	2
48230	1
48236	1
48237	1
48301	2
48302	4
48304	2
48307	1
48313	1
48315	1
48322	1
48324	1
48331	6
48335	1
48336	1
48346	1
48348	1
48362	1
48371	3
48374	9
48375	2
48377	1
48390	1
48423	1
4843	1
48458	11
48532	1
48601	1
48642	1
48823	1
48910	1
48911	2
49007	4
49009	1
4901	1
49017	2
49083	1
49087	1
49117	2
49170	1
49301	1
49424	3
49503	1
49506	4
49508	1
49509	1
49512	2
4967	1
49712	2
4975	1
49855	1
49909	1
50010	2
50112	2
50201	1
50230	1
50309	1
50310	1
50315	1
50323	1
5048	2
50543	1
5055	1
50613	1
5065	1
5068	1
50701	1
5101	1
5189	2
52001	2
52240	1
52246	4
52302	1
52402	1
5251	1
5254	1
52556	3
5257	1
5303	1
53044	1
53045	1
53085	1
53132	1
53140	1
53154	1
53189	1
53202	1
53207	4
53209	1
53210	1
53211	6
53215	1
53216	2
53217	2
5346	2
53528	1
53545	1
53558	1
53563	1
53704	8
53705	1
53711	1
53713	1
53719	3
53726	1
5401	2
5403	1
5408	1
5445	2
54481	1
5450	1
54501	2
5456	1
5470	1
5478	1
54868	3
54880	1
5491	1
54956	2
55057	1
55101	2
55104	2
55105	1
55108	2
55110	1
55113	1
55115	1
55118	1
55311	1
55337	1
55345	1
55347	3
55357	1
55401	1
55403	1
55405	3
55406	1
55408	1
55409	2
55410	1
55412	1
55415	1
55416	7
55418	1
55419	1
55421	1
55422	1
55424	1
55426	1
55435	1
55442	1
55446	3
55448	1
55804	2
55811	1
55902	1
55987	1
55992	1
56074	1
5655	1
56560	1
56601	1
5672	2
5677	1
57186	1
5753	1
57530	2
58102	1
5819	1
5840	2
58701	1
58770	1
59086	1
59401	1
59601	1
59937	1
60008	2
60009	2
6001	5
60010	5
60015	18
60016	6
6002	4
60022	4
60025	1
60031	1
60035	6
60043	2
60045	7
60047	2
60060	1
60062	1
60067	3
60068	3
60069	1
60070	1
60076	4
60077	8
60089	3
60090	3
60091	6
60093	4
6010	1
60101	1
60103	1
60106	1
60108	3
60130	1
60131	1
60137	2
60139	3
60143	1
6015	2
60155	2
60169	1
60174	2
60178	1
60187	2
60188	1
60191	1
60193	1
60194	3
602	1
60201	8
60202	13
60203	8
60301	3
60302	2
60304	4
6031	3
6032	53
6033	8
6035	1
6039	2
6040	1
60409	2
60411	3
60415	1
60417	1
60419	2
6042	1
60422	2
60423	1
60430	1
60435	1
60438	1
60441	3
60453	4
60463	3
60467	1
60471	1
60473	1
60477	1
60487	2
60491	1
605	1
6051	3
60513	1
60515	2
60516	1
6052	2
60521	2
60523	2
60526	2
60527	3
6053	1
60540	3
60563	1
60564	1
6058	5
60601	9
60602	2
60603	5
60604	3
60605	6
60606	2
60607	1
60609	3
60610	23
60611	27
60612	3
60613	6
60614	25
60615	10
60616	3
60617	3
60618	2
60619	1
6062	1
60620	4
60622	17
60625	6
60626	2
60628	73
60630	2
60632	4
60633	3
60637	3
60638	1
60640	15
60641	3
60642	4
60643	1
60646	2
60647	5
60650	1
60651	2
60654	16
60655	3
60657	18
60659	1
6066	1
60660	4
60661	2
6068	1
60680	1
6069	2
6070	7
60706	1
60707	2
6078	2
6084	1
6089	1
6092	2
6093	2
6095	1
61032	1
6105	3
6106	1
61063	1
6107	2
6108	6
6109	1
6111	2
6113	1
6114	1
6117	5
6119	4
61201	1
61525	1
61602	1
61605	1
61614	2
61704	1
61853	1
61938	1
61944	1
62221	1
623	3
62301	1
6242	1
6247	2
6255	1
627	3
62712	2
62974	1
63005	3
63011	2
63017	2
63021	1
63042	1
63102	3
63103	1
63105	4
63108	1
63109	1
63116	1
63122	1
63124	2
63125	1
63126	1
63130	1
63131	4
63132	1
63134	1
63141	4
63146	1
63188	1
6320	1
6338	1
63383	1
6360	1
6371	3
6378	3
6379	2
6385	1
63870	1
6401	1
6405	7
64064	1
6410	3
64105	2
64106	3
64110	1
64112	7
64113	6
64116	2
6412	1
64128	1
64131	1
6415	2
64151	1
64153	1
64155	1
6417	1
6422	7
6424	1
6426	1
6432	1
6437	10
6438	1
6443	10
6450	1
6451	3
6456	1
6457	7
64590	1
646	1
6460	3
6468	7
6470	2
6471	4
6472	1
6473	1
6475	5
64759	1
6477	4
6478	1
6482	1
6483	1
6484	9
6488	2
6489	1
6492	2
65	1
6510	4
65101	1
6511	38
6512	2
6513	4
6514	2
6515	6
6516	9
6517	7
65203	2
65205	1
6525	2
65802	1
65803	1
6600	1
6604	3
66043	1
66044	6
6605	1
6606	6
6608	1
6609	1
66104	1
6611	11
6612	6
6615	2
66202	1
66203	1
66205	1
66207	1
66208	1
66209	4
66211	1
66216	2
66224	1
66251	1
66604	1
6661	1
6680	2
67006	1
6704	2
6705	1
6710	1
67201	1
6731	2
6752	2
6756	2
6757	8
6762	5
6763	1
6770	1
6776	6
6777	1
6783	3
6784	2
6785	3
6790	1
67901	1
6793	2
6794	3
6795	1
6796	1
6798	3
6801	2
6804	5
6807	17
6810	9
6811	10
68114	1
6812	18
68124	1
68131	5
68154	1
6818	2
6820	69
6824	45
6825	5
6830	176
6831	157
6840	74
6844	1
6850	16
68507	1
6851	12
68516	1
6853	13
6854	9
6855	2
6861	1
6863	1
6870	17
6871	1
6876	1
6877	30
6878	42
6880	122
6881	2
6883	48
6888	1
6890	18
6896	7
6897	32
6901	4
6902	54
6903	46
6905	22
6907	3
70001	1
7001	1
7002	35
7003	25
7004	6
70047	1
7005	3
70053	1
70056	1
7006	56
70065	1
70068	1
70072	1
7008	22
7009	24
7010	37
7011	2
70113	2
70115	13
70116	1
70117	1
70118	2
70119	3
7012	14
70122	6
70124	1
70125	1
70127	1
70128	1
7013	11
70130	2
7014	3
7016	18
7017	2
7018	7
70185	1
7020	52
7021	13
7022	7
7023	3
7024	111
7025	1
7026	2
7027	2
7028	30
7029	3
7030	169
7031	18
7032	21
7033	2
7034	3
7035	6
70356	1
7036	19
7037	1
7039	100
7040	70
7041	27
7042	95
7043	60
70433	1
7044	29
7045	15
70459	1
7046	28
7047	41
70471	1
7050	10
70508	1
7052	107
7054	21
7055	14
7057	4
7058	16
7059	49
7060	30
7062	7
7063	3
7065	24
7066	3
7067	7
7068	31
7069	14
7070	25
70703	2
7071	15
7072	6
7073	9
7074	1
7076	49
7077	1
7078	92
7079	77
7080	6
70806	1
7081	20
70810	1
70816	1
7082	9
7083	28
7086	29
7087	20
7088	2
70896	2
7090	88
7091	1
7092	7
7093	52
7094	35
7095	2
7101	1
7102	20
7103	11
7104	32
7105	4
7106	3
7107	3
7109	10
7110	20
71104	1
71106	2
7111	6
7112	5
7114	2
7134	1
71434	1
716	1
71854	4
7201	7
7202	3
7203	7
72032	2
7204	1
7205	12
7206	5
7208	5
721	1
7211	1
72207	2
725	3
7255	1
7260	1
7263	1
727	2
72701	2
72703	1
72704	1
72714	1
728	1
729	1
7300	1
73012	1
7302	149
7303	4
7304	20
7305	69
7306	38
73060	2
7307	20
73070	2
73072	1
7308	2
731	3
7310	37
73101	1
7311	2
73112	1
73116	1
73117	1
73118	2
73170	1
7326	1
735	1
7367	1
737	1
73717	1
739	1
7401	23
7405	14
7407	5
7410	24
74103	1
74114	1
74136	1
74137	1
7417	30
7419	7
7420	1
7421	1
7423	7
7424	9
7426	3
7430	31
7432	3
7435	2
7436	7
7440	3
7442	4
7444	3
7446	14
7450	53
7452	16
7456	12
7457	6
7458	47
7461	5
7463	5
7469	1
7470	41
7474	1
7480	1
7481	35
7484	1
7490	2
7495	1
75001	2
75002	1
75007	1
7501	1
75016	1
75019	3
7502	3
75023	2
75028	1
75033	1
75035	1
7504	1
75043	1
75056	4
7506	7
75062	3
75070	1
7508	4
75081	1
75093	1
7512	10
7513	1
7514	8
75149	1
75158	1
75165	1
75201	10
75205	3
75209	1
75214	10
75218	1
75219	6
7522	3
75220	1
75223	2
75225	3
75228	1
75229	1
75230	1
75231	2
75238	1
75243	1
75248	1
75251	1
75252	1
75287	1
754	1
7540	5
7544	1
75455	1
75503	1
7560	1
75605	2
75672	1
75709	1
75762	1
75801	2
75948	1
7601	32
76013	1
76014	1
76015	1
76016	1
7603	10
76039	2
7604	6
76040	1
76048	1
7605	38
76051	1
76052	1
7606	3
7607	8
7608	2
76107	4
76110	4
76120	1
76134	1
76137	1
76140	1
76182	1
7620	65
76205	1
7621	25
7624	32
7625	3
7626	66
76265	1
7627	36
7628	8
7630	13
7631	92
7632	62
7636	1
7640	14
7641	24
7642	10
7643	1
7644	3
7645	8
7646	15
76462	1
7647	6
7648	18
7649	30
7650	28
7652	43
76527	1
76542	2
76544	1
76549	1
7655	1
7656	6
7657	15
7660	14
7661	39
7662	4
7663	3
7665	1
7666	165
7670	135
7675	68
7676	47
7677	23
7685	4
7690	1
76904	1
77002	9
77004	3
77005	5
77006	12
77007	1
7701	26
77010	2
77018	2
77019	17
7702	5
77023	1
77024	3
77025	5
77027	2
77030	4
77036	1
7704	7
77040	1
77042	2
77043	1
77056	5
77057	3
77067	1
77071	1
77077	1
77079	2
77082	2
77083	2
77084	1
77090	1
77092	2
77096	1
77098	6
77099	1
7711	4
7712	13
7715	1
7716	7
7717	2
7718	1
7719	8
7720	4
7721	2
77219	1
7722	58
7723	14
7724	21
7726	90
77266	2
7727	4
7728	37
773	3
7730	4
7731	8
7732	3
7733	80
77339	1
7734	3
77346	2
7735	4
7737	2
77375	1
7738	8
77380	2
77381	2
77382	2
77389	1
7739	14
7740	23
77401	4
77406	2
77449	1
77459	3
7746	45
7747	31
77479	3
7748	26
775	3
7750	17
7751	38
7753	5
77547	1
7755	16
77550	2
7756	1
77565	1
7757	7
77573	2
7758	1
77581	1
77586	1
7760	20
7762	8
7764	5
7766	1
777	4
77706	1
7776	1
778	4
77805	1
77840	1
77845	2
7801	1
78023	1
78040	1
7805	2
78058	1
7810	3
78201	2
78205	1
78209	5
7821	7
78212	1
78213	1
78216	1
78218	1
78220	1
78223	3
78229	1
78232	1
78239	4
78240	2
78245	7
7825	3
78253	1
78254	2
78255	1
78257	1
78259	2
7827	1
7828	3
7830	12
7832	1
7834	5
7836	2
7840	2
78404	1
7843	4
7849	5
7850	1
78501	1
78502	1
7853	3
78541	1
7856	1
7857	1
7860	1
78613	2
78620	1
78628	1
78629	1
7866	13
78664	1
78665	1
78666	1
7869	21
78701	5
78702	2
78703	1
78704	2
78705	1
7871	13
78717	1
78727	1
78731	3
78734	1
78735	1
78736	1
78738	1
78739	1
78746	4
78748	3
78751	1
78753	1
78756	1
78757	2
78759	1
78768	1
78781	1
7891	1
7901	58
7904	1
7907	1
79124	1
7920	27
7921	4
7922	21
7924	24
7927	4
7928	59
7930	12
7931	17
7932	15
7933	1
7934	2
7936	5
7940	14
79401	1
7945	23
7946	3
7950	20
7960	50
7961	1
79705	1
7974	9
7976	21
7980	2
7981	5
79902	1
79907	1
79912	2
79925	4
79927	1
79930	2
79932	1
79935	1
79936	2
79937	1
79938	1
80014	1
80015	1
80016	1
8002	2
80026	1
80027	1
8003	9
8004	1
8005	4
80077	1
8008	2
80108	1
80112	1
80113	2
8012	10
80120	2
80121	1
80123	1
80127	1
8016	2
802	1
80201	1
80202	2
80203	1
80204	1
80205	2
80206	9
80207	1
8021	4
80210	3
80211	1
80218	1
80220	4
80221	1
80223	2
80224	2
80226	3
80230	3
80233	1
80238	1
80247	2
8029	4
80301	1
80302	2
80303	1
80304	3
80305	1
8031	1
8033	11
80333	2
8034	6
8036	4
80401	1
80403	2
8043	1
80439	1
8046	3
80465	1
8048	1
8049	3
80503	2
80504	2
80516	1
8052	2
80521	4
80524	2
8053	5
80537	1
8054	11
80540	1
8055	10
8056	1
8057	6
8060	7
8061	2
8062	1
8066	1
8075	2
8077	1
8079	16
8080	30
8081	2
8083	2
8084	1
8085	2
8086	1
8087	1
8088	2
80903	1
80906	3
80909	2
80918	1
8092	1
8096	3
8098	1
8099	2
81005	1
8102	1
8105	3
81050	1
8106	1
8108	1
8110	4
81101	1
81122	1
81301	1
81435	1
8148	2
816	1
81611	6
81623	1
81632	1
8203	1
8204	11
8205	4
8215	3
8221	4
8226	1
8234	3
82414	1
83001	1
83014	2
8302	1
831	1
8322	1
8330	3
8332	1
83340	1
83353	1
83406	1
83501	1
83617	1
83646	1
83814	1
8401	5
84010	5
8403	2
84032	1
8406	1
84060	3
84070	1
84085	1
84093	1
84103	3
84105	1
84106	1
84108	1
84109	1
84111	1
84115	1
84120	1
84158	2
84310	1
84403	1
85004	1
85006	1
85015	1
85016	3
85018	4
8502	7
85020	1
85021	1
85027	2
85028	6
85029	2
85032	1
85048	1
8505	5
85050	1
85058	2
85086	1
85087	1
8510	6
85100	1
8512	2
85122	1
8514	3
85142	1
8515	3
8518	1
8520	3
85209	1
85222	1
85242	1
85248	1
8525	5
85250	1
85251	2
85253	5
85254	4
85255	1
85258	2
85259	1
85260	2
85266	1
85268	1
8527	35
85282	5
85284	1
85298	1
8530	4
85304	1
8534	4
8535	5
85355	1
8536	12
85374	1
85375	3
85383	2
85395	3
8540	49
8542	6
8543	1
8544	1
8550	38
8551	4
85541	4
85544	2
8556	1
8558	10
8559	4
8560	3
85641	1
85643	1
85648	3
85716	1
85718	6
85719	5
8572	1
85742	1
85745	2
85750	1
8610	2
8611	1
8618	5
8619	5
8620	2
8628	1
86305	1
86351	1
8648	8
8654	1
8690	1
8691	5
8701	61
87047	1
87068	1
87102	3
87104	2
87107	2
87109	1
87111	2
87112	2
87121	1
87123	1
87197	1
87199	1
8723	11
8724	11
8730	2
8731	1
8736	13
8740	1
8742	30
8750	2
87501	6
87505	2
87506	2
87508	1
8752	3
87529	1
8753	8
8754	1
8755	8
8757	5
87571	2
8758	1
87594	1
88001	1
88007	1
8801	2
8802	1
8805	8
8806	2
8807	16
8810	3
8812	1
8816	73
8817	13
8820	45
8821	1
8822	6
8823	8
8824	9
8825	5
88253	2
8827	2
8828	1
8829	1
8830	8
8831	67
8832	1
8833	9
88355	1
8836	3
8837	22
8840	19
8844	11
8848	1
8850	4
8852	6
8853	1
8854	24
8857	28
8858	9
8859	9
88590	1
8861	2
8863	1
8865	2
8872	7
8873	22
8876	3
8879	12
8880	1
8882	1
8884	3
8886	4
8889	4
8901	13
89012	2
89014	1
8902	21
89028	2
89031	1
89032	1
8904	8
89052	3
89074	2
89101	2
89102	1
89103	6
89108	1
89109	4
89113	5
89115	2
89117	2
89119	1
89123	1
89128	3
89129	1
89134	3
89135	1
89137	2
89139	1
89141	3
89148	4
89169	3
8940	4
89406	1
89501	1
89503	3
89507	1
89509	1
89510	1
89511	2
89703	1
89704	1
89755	1
90001	1
90004	11
90005	1
90006	1
90010	2
90011	1
90012	9
90013	2
90014	4
90015	1
90016	1
90017	11
90019	6
90020	5
90021	1
90024	13
90025	12
90026	8
90027	10
90028	9
90029	1
90032	2
90034	3
90035	4
90036	21
90038	4
90039	7
90040	2
90041	1
90042	4
90043	2
90045	3
90046	45
90047	2
90048	28
90049	34
90056	1
90058	3
90064	17
90065	7
90066	5
90067	16
90068	15
90069	48
90071	4
90077	5
9009	2
90094	2
9010	1
90133	1
90209	1
90210	37
90211	9
90212	11
90213	4
90221	1
90230	3
90232	5
90240	1
90241	1
90245	1
90254	1
90263	1
90265	9
90266	13
90267	1
90272	13
90274	2
90275	3
90277	1
90278	2
9028	1
90290	2
90291	23
90292	7
90293	2
90302	3
90395	1
90401	6
90402	12
90403	11
90404	10
90405	16
90406	1
90407	1
90501	1
90503	1
90505	2
90601	1
90625	1
90630	4
90640	1
90666	2
907	8
90703	1
90712	4
90731	2
90732	1
90740	1
90755	1
90802	4
90803	3
90806	1
90813	1
90815	1
909	1
91001	3
91006	4
91007	2
91010	1
91011	20
91030	2
91040	1
911	5
91101	1
91103	5
91104	2
91105	1
91106	4
91107	2
91108	2
91109	1
9112	1
912	2
91203	1
91301	1
91302	6
91307	8
91311	2
91316	4
91327	1
91342	2
91344	1
91355	1
91356	2
91361	2
91362	3
91364	2
91367	4
91377	2
91387	1
91401	2
91403	5
91406	2
91409	1
91411	1
91423	7
91436	7
91501	1
91505	9
91506	1
91521	1
91601	2
91602	2
91604	10
91606	1
91607	5
917	5
91701	1
91709	1
91710	4
91711	2
91731	2
91732	1
91739	2
91740	4
91745	7
91748	7
91750	1
91754	8
91755	3
91765	5
91770	3
91776	3
91789	5
918	11
91801	3
91803	3
919	1
91910	3
91911	1
91977	1
92007	3
92009	3
92011	2
92014	1
92024	13
92028	1
92037	23
92038	1
92057	2
92064	1
92067	1
92071	1
92075	2
9208	1
92094	1
92100	2
92101	7
92102	1
92103	12
92104	5
92106	3
92107	1
92108	2
92109	3
92116	2
92117	1
92118	2
92121	1
92123	1
92126	1
92127	1
92128	1
92129	2
92130	6
92137	1
92223	1
92231	1
92234	1
92251	1
92262	3
92263	2
92315	1
92325	1
92352	1
92371	1
92376	1
92377	2
92407	1
92410	2
92411	2
92501	1
92504	1
92506	1
92509	1
92553	1
92557	3
92561	1
92592	1
92596	1
926	6
92612	6
92614	2
92623	1
92624	1
92625	1
92629	1
92630	1
92637	4
92651	3
92653	2
92657	1
92660	4
92662	1
92663	1
92672	2
92673	2
92674	1
92677	1
92679	3
92692	1
92694	1
927	5
92705	1
92708	3
92709	1
92780	2
928	1
92804	1
92821	1
92831	3
92845	1
92865	2
92866	1
92868	1
92869	3
92880	3
92881	2
92886	1
93003	2
93013	2
93021	1
93063	1
93101	2
93103	1
93105	3
93108	1
93109	1
93110	1
93111	1
93117	1
93292	2
93314	1
93405	1
93420	1
93422	1
93427	2
93441	1
93546	1
93550	1
93555	2
936	1
93614	3
93644	3
93654	1
93706	1
93720	2
93906	3
93921	1
93923	3
93933	1
93950	2
94002	4
94005	2
94010	12
94015	6
94019	1
94022	10
94023	2
94024	4
94025	16
94027	6
94028	4
94030	2
94039	2
94040	3
94041	2
94043	2
94061	3
94062	4
94063	1
94065	2
94066	1
94070	3
94085	3
94086	1
94087	1
94089	1
94102	11
94103	9
94104	1
94105	8
94107	20
94108	1
94109	33
94110	25
94111	2
94112	4
94114	28
94115	27
94116	2
94117	29
94118	15
94119	2
94121	10
94122	5
94123	5
94124	1
94127	2
94129	6
94131	9
94132	1
94133	4
94134	4
94158	1
94301	12
94303	1
94304	1
94305	3
94306	13
94401	4
94402	6
94403	3
94404	3
94410	1
94440	1
94501	6
94502	2
94506	1
94507	1
94510	1
94517	1
94518	1
94526	2
94530	3
94531	1
94533	1
94534	1
94539	11
94542	1
94545	2
94547	1
94549	1
94550	1
94553	3
94555	1
94558	4
94563	2
94568	1
94574	2
94577	1
94588	2
94596	1
94598	1
94601	1
94602	3
94607	1
94608	5
94609	3
94610	5
94611	13
94612	7
94613	1
94618	9
94619	2
94701	1
94702	4
94703	5
94704	5
94705	3
94706	1
94707	3
94708	15
94709	7
94730	1
94794	1
94801	1
94803	1
94804	1
94901	10
94903	2
94904	2
94915	1
94920	5
94925	1
94930	2
94941	4
94945	2
94949	1
94954	1
94960	2
94965	2
95014	3
95019	1
95023	3
95030	4
95032	1
95035	2
95037	2
95050	1
95051	5
95054	7
95064	1
95076	2
95110	2
95111	1
95116	1
95119	1
95120	4
95124	1
95125	2
95126	1
95131	2
95135	1
95140	1
95159	1
953	1
95321	1
95409	4
95436	1
95441	1
95448	2
95460	1
95470	1
95476	4
95609	2
95611	1
95616	1
95617	1
95618	1
95631	1
95648	2
95661	1
95670	4
95687	3
95762	1
95811	2
95814	6
95815	1
95816	3
95817	1
95818	1
95821	1
95822	2
95830	1
95831	1
95833	1
95834	1
95835	1
95864	2
959	1
95937	1
95945	1
960	2
96080	1
96521	1
966	6
96701	3
96712	1
96744	1
96753	1
96757	1
96773	1
968	2
96807	1
96813	1
96814	2
96815	2
96816	5
96819	1
96821	2
96822	1
96825	2
96826	1
969	6
96913	3
97005	1
97006	1
97008	3
97034	1
97068	2
97089	1
97103	1
97124	1
97201	1
97202	2
97205	1
97210	1
97211	2
97212	1
97214	2
97217	4
97219	8
97220	1
97224	1
97225	1
97229	2
97232	2
97302	2
97355	1
97401	4
97405	1
97520	1
976	2
97693	1
97702	1
97707	4
97733	1
97760	1
979	2
98004	1
98005	2
98011	1
98026	1
98032	2
98033	1
98038	1
98042	1
98043	1
98045	1
98052	2
98101	3
98102	10
98103	4
98104	3
98105	1
98107	2
98109	1
98110	2
98111	1
98112	5
98115	3
98116	2
98117	1
98118	1
98119	3
98121	6
98133	3
98136	1
98144	3
98146	1
98166	1
98225	3
98226	1
98236	1
98245	1
98260	1
98275	1
98293	1
98332	1
98333	1
98368	3
98383	1
98387	3
98402	1
98407	1
98408	1
98503	1
98674	2
98801	1
98841	1
99016	1
99114	1
99201	1
99352	1
99354	1
99362	3
99504	1
99516	1
99520	1
99577	2
99645	1
99687	1
99708	1
99712	1
9972	1
99801	1
99802	1
99999	5
9SR	1
BS2	1
E7N 2	1
EN89L	1
II412	1
K2G	2
L9H	1
LS11B	1
M2M1Z	2
M4V2S	1
M4Y	1
M5R	1
M6C3E	1
MK109	1
NA	3
NY	2
SE12N	2
SW18	1
V2S	1
W1W6X	1
W85BY	1
