0, 10001, 10036	1
0, 10002	1
0, 10007	1
0, 10014, 11229	1
0, 10018	1
0, 10019	2
0, 10019, 10036	1
0, 10032, 10033	1
0, 11101, 11222	1
0, 11221, 11237	1
0, 11222	3
0, 11363	2
0, 11375, 11418	1
00083	2
00083, 10001, 10002, 10016, 10018, 10019, 10023, 11201	1
00083, 10001, 10023	1
00083, 10001, 10023, 10025	2
00083, 10002, 10004, 10005, 10016, 10018, 10019, 10024, 10036, 10038, 11201	1
00083, 10003, 10004, 10010, 10011, 10017, 10022, 10044, 10065, 10280, 11101	1
00083, 10003, 10010, 10023	1
00083, 10003, 10012, 10019, 10022, 10065	1
00083, 10004, 10010, 10023	1
00083, 10010, 10011, 10013, 10022, 10023, 11201	1
00083, 10011, 10014	1
00083, 10011, 10019, 10022, 10035, 10065	1
00083, 10011, 10023, 11201, 11230	1
00083, 10013, 10036, 11101	1
00083, 10014, 10023, 10024	1
00083, 10016, 10017, 10023, 10036	1
00083, 10016, 10019, 10023, 10024, 10025, 10065	1
00083, 10019	3
00083, 10019, 10021, 10022, 10023, 10065	1
00083, 10019, 10021, 10025, 10029, 10075	1
00083, 10019, 10022, 10023	1
00083, 10019, 10022, 10028	1
00083, 10019, 10022, 10029, 10065	1
00083, 10019, 10022, 10065	1
00083, 10019, 10023	3
00083, 10019, 10023, 10024	1
00083, 10019, 10023, 10036	1
00083, 10019, 10023, 10065	1
00083, 10021	4
00083, 10021, 10023	2
00083, 10021, 10023, 10065	1
00083, 10021, 10024, 10025, 10075	1
00083, 10021, 10028	1
00083, 10021, 10028, 10075	3
00083, 10021, 10029, 10075	1
00083, 10021, 10036, 10065, 11101	2
00083, 10021, 10065, 10075	1
00083, 10021, 10075	1
00083, 10021, 11201	1
00083, 10022, 10023, 10065	1
00083, 10022, 10065	2
00083, 10023	13
00083, 10023, 10024	7
00083, 10023, 10024, 10025	2
00083, 10023, 10024, 10474	1
00083, 10023, 10025	1
00083, 10023, 10029	2
00083, 10023, 11222	1
00083, 10024	2
00083, 10024, 10025, 10029, 10128	1
00083, 10024, 10128	1
00083, 10025	4
00083, 10025, 10026	1
00083, 10025, 10027	1
00083, 10025, 10128	1
00083, 10028, 10075	2
00083, 10029	2
00083, 10029, 10065	1
00083, 10128	1
00083, 11101, 11201, 11237	1
10000, 10021, 10023, 10024, 10065, 10075	1
10000, 10023, 10024, 10025	1
10000, 10025	1
10001	910
10001, 10002	2
10001, 10002, 10003, 10004, 10010, 10011	1
10001, 10002, 10003, 10012	1
10001, 10002, 10003, 10012, 10014	1
10001, 10002, 10003, 10013	1
10001, 10002, 10004, 10016, 10038	1
10001, 10002, 10007, 10013	1
10001, 10002, 10009	1
10001, 10002, 10010, 10011, 10012, 10013, 10014, 10018, 10019, 10020, 10036, 10119, 11201	1
10001, 10002, 10010, 10011, 10014, 10018, 10019, 10038, 11201	1
10001, 10002, 10010, 10011, 10038	1
10001, 10002, 10010, 10013, 10018, 11201	1
10001, 10002, 10010, 10013, 10036, 10038	1
10001, 10002, 10010, 10016, 10017, 10018, 10019, 10020, 10022, 10036, 10103, 10111, 10112, 11201	1
10001, 10002, 10010, 10016, 11211, 11249	1
10001, 10002, 10010, 10022, 10044, 10065, 11101	1
10001, 10002, 10011	1
10001, 10002, 10011, 10012	1
10001, 10002, 10011, 10012, 10014, 10018, 10036	1
10001, 10002, 10011, 10012, 10014, 10019, 10021, 10065	2
10001, 10002, 10011, 10013, 10038	1
10001, 10002, 10011, 10014, 10028, 10029, 10035, 10128	1
10001, 10002, 10011, 10014, 11211	1
10001, 10002, 10012	1
10001, 10002, 10012, 10014, 10023, 10065, 11201	1
10001, 10002, 10012, 10038, 11201	1
10001, 10002, 10013, 10017, 10038	1
10001, 10002, 10013, 10022, 10036	1
10001, 10002, 10013, 11201	1
10001, 10002, 10014	1
10001, 10002, 10016, 10036	1
10001, 10002, 10017, 10018, 10038	1
10001, 10002, 10018	1
10001, 10002, 11211, 11249	1
10001, 10003	6
10001, 10003, 10009	2
10001, 10003, 10009, 10010, 10016, 10017, 10018, 10019, 10020, 10022, 10036	1
10001, 10003, 10009, 10010, 10016, 10018, 10036	1
10001, 10003, 10009, 10011, 10014	1
10001, 10003, 10010	2
10001, 10003, 10010, 10011	4
10001, 10003, 10010, 10011, 10012, 10014	1
10001, 10003, 10010, 10011, 10012, 10016, 10022	1
10001, 10003, 10010, 10011, 10012, 10019	1
10001, 10003, 10010, 10011, 10013, 10016, 10017, 10018, 10019, 10020, 10022, 10036, 10065, 10103, 10111, 10112	1
10001, 10003, 10010, 10011, 10014	1
10001, 10003, 10010, 10011, 10014, 10018, 10019, 10038	1
10001, 10003, 10010, 10011, 10016	2
10001, 10003, 10010, 10011, 10016, 10017, 10018	1
10001, 10003, 10010, 10011, 10016, 10017, 10021, 10028, 10065, 10075	1
10001, 10003, 10010, 10011, 10016, 10017, 10167, 10171, 10172, 10177	1
10001, 10003, 10010, 10011, 10016, 10019, 10020, 10036, 10111, 10112, 10119	1
10001, 10003, 10010, 10011, 10016, 10118	1
10001, 10003, 10010, 10011, 10016, 11201	1
10001, 10003, 10010, 10011, 10018	1
10001, 10003, 10010, 10013, 10016, 10019, 10036	1
10001, 10003, 10010, 10018, 10019, 10036	1
10001, 10003, 10010, 10121	1
10001, 10003, 10011	3
10001, 10003, 10011, 10012, 10019, 10022	1
10001, 10003, 10011, 10013, 10014, 10016, 10019	1
10001, 10003, 10011, 10013, 10014, 10017, 11201	1
10001, 10003, 10011, 10014	2
10001, 10003, 10011, 10014, 10018	1
10001, 10003, 10011, 10014, 10022	1
10001, 10003, 10011, 10016	1
10001, 10003, 10011, 10018	2
10001, 10003, 10012	1
10001, 10003, 10012, 10013, 10014	1
10001, 10003, 10012, 10013, 10280	1
10001, 10003, 10012, 10014	1
10001, 10003, 10013, 10018, 10039	1
10001, 10003, 10014	1
10001, 10003, 10016	1
10001, 10003, 10018	3
10001, 10003, 10018, 10123	1
10001, 10004, 10005, 10007, 10018, 10019, 10020, 10036, 10038, 10045, 10105, 10119	1
10001, 10004, 10005, 10011, 10038	1
10001, 10004, 10005, 10014	1
10001, 10004, 10005, 10038, 10280, 10281, 10282	1
10001, 10004, 10010, 10016	1
10001, 10004, 10011, 10014	1
10001, 10004, 10013, 10017, 10036, 10121, 10280, 10282	1
10001, 10004, 10017, 11238	1
10001, 10004, 10018, 10280, 10282	1
10001, 10005, 10007, 10011, 10013, 10018, 10022, 10036, 10038, 11232	1
10001, 10005, 10018, 10027, 10029	1
10001, 10006, 10036	1
10001, 10007, 10011, 10013, 10014	1
10001, 10007, 10011, 10013, 10014, 10018, 10019, 10023, 10280, 10281, 10282	1
10001, 10007, 10011, 10013, 10014, 10018, 10019, 10280, 10281, 10282	2
10001, 10007, 10011, 10038	1
10001, 10007, 10012, 10013	1
10001, 10007, 10013	1
10001, 10007, 10013, 10016, 10018	1
10001, 10007, 10013, 10018	1
10001, 10009, 10019	1
10001, 10010	45
10001, 10010, 10011	7
10001, 10010, 10011, 10012, 10013, 10014, 10018, 10019, 10020, 10036	1
10001, 10010, 10011, 10012, 10013, 10014, 10018, 10019, 10020, 10036, 10119	2
10001, 10010, 10011, 10012, 10013, 10018, 10019, 10020, 10036	1
10001, 10010, 10011, 10012, 10014, 10018, 10019, 10020, 10036	1
10001, 10010, 10011, 10012, 10014, 10018, 10019, 10020, 10036, 10105, 10119	5
10001, 10010, 10011, 10013, 10014, 10018, 10019, 10020, 10023, 10036, 10119	1
10001, 10010, 10011, 10013, 10014, 10018, 10019, 10020, 10036, 10119	1
10001, 10010, 10011, 10014, 10018, 10019, 10020, 10036	4
10001, 10010, 10011, 10016	1
10001, 10010, 10011, 10016, 10017, 10018, 10019, 10020, 10021, 10022, 10036, 10065, 10119	1
10001, 10010, 10011, 10016, 10017, 10018, 10019, 10021, 10022, 10028, 10036, 10065, 10075, 10106, 10121, 10152, 10167, 10171, 10172, 10173, 10177	1
10001, 10010, 10011, 10018, 10019, 10022, 10023, 10024, 10025, 10027, 10036	1
10001, 10010, 10013	1
10001, 10010, 10013, 10016	2
10001, 10010, 10014	1
10001, 10010, 10014, 10016, 10036, 10038, 11201	1
10001, 10010, 10016	29
10001, 10010, 10016, 10017	1
10001, 10010, 10016, 10017, 10018, 10019, 10020, 10022, 10023, 10036, 10103, 10111, 10112, 10119	1
10001, 10010, 10016, 10017, 10018, 10019, 10022, 10036	1
10001, 10010, 10016, 10017, 10019, 10020, 10036, 10111	1
10001, 10010, 10016, 10018	1
10001, 10010, 10016, 10018, 10036	1
10001, 10010, 10016, 10019, 10020, 10036, 10111, 10112, 10119	1
10001, 10010, 10016, 10036	3
10001, 10010, 10016, 10301	1
10001, 10010, 10016, 11222	1
10001, 10010, 10017	1
10001, 10010, 10017, 10024, 11106	1
10001, 10010, 10017, 11201	1
10001, 10010, 10018	4
10001, 10010, 10018, 10019, 10020, 10036, 10105, 10119	2
10001, 10010, 10018, 10022, 10036, 10152	1
10001, 10010, 10018, 10023, 10029	1
10001, 10010, 10019	2
10001, 10010, 10019, 10036	1
10001, 10010, 10036	2
10001, 10010, 10075	1
10001, 10010, 10121	1
10001, 10010, 11105	1
10001, 10010, 11249	1
10001, 10011	115
10001, 10011, 10012	1
10001, 10011, 10012, 10013	1
10001, 10011, 10012, 10013, 10018	1
10001, 10011, 10012, 10014	2
10001, 10011, 10012, 10027, 10028	1
10001, 10011, 10013	2
10001, 10011, 10013, 10014	1
10001, 10011, 10013, 10016	1
10001, 10011, 10013, 10018, 10019, 10034, 10036	1
10001, 10011, 10014	18
10001, 10011, 10014, 10016	1
10001, 10011, 10014, 10016, 10019, 10022, 10023, 10027, 10036	1
10001, 10011, 10014, 10019	1
10001, 10011, 10014, 10036	1
10001, 10011, 10014, 10036, 11249	1
10001, 10011, 10014, 10451	1
10001, 10011, 10016	2
10001, 10011, 10016, 10018	2
10001, 10011, 10017	2
10001, 10011, 10017, 10018, 10019, 10036	1
10001, 10011, 10017, 10022, 10112	1
10001, 10011, 10018	8
10001, 10011, 10018, 10019	1
10001, 10011, 10018, 10019, 10020, 10036, 10119	1
10001, 10011, 10018, 10019, 10022	1
10001, 10011, 10018, 10019, 10024, 10027, 10036	1
10001, 10011, 10018, 10019, 10036	1
10001, 10011, 10018, 10036	1
10001, 10011, 10019	1
10001, 10011, 10019, 10022, 10025, 10032, 10036	1
10001, 10011, 10021, 10022	1
10001, 10011, 10022	1
10001, 10011, 10022, 10112	1
10001, 10011, 10023	1
10001, 10011, 10023, 10024	1
10001, 10011, 10025	1
10001, 10011, 10036	1
10001, 10011, 11101	1
10001, 10011, 11201	2
10001, 10011, 11357	1
10001, 10012	5
10001, 10012, 10013	1
10001, 10012, 10013, 10016	1
10001, 10012, 10013, 10121	1
10001, 10012, 10013, 11201, 11211, 11249	1
10001, 10012, 10014	2
10001, 10012, 10121	1
10001, 10013	7
10001, 10013, 10014	1
10001, 10013, 10018	1
10001, 10013, 10022	1
10001, 10013, 10282	1
10001, 10014	19
10001, 10014, 10016	1
10001, 10014, 10016, 10017, 10018, 10020, 10022, 10036, 10111, 10112	1
10001, 10014, 10016, 10018, 10019, 10036	1
10001, 10014, 10018	2
10001, 10014, 10022	1
10001, 10016	29
10001, 10016, 10017	2
10001, 10016, 10017, 10018	1
10001, 10016, 10017, 10018, 10019, 10020, 10021, 10022, 10036, 10065, 10103, 10111, 10112	1
10001, 10016, 10017, 10019, 10022, 10036	1
10001, 10016, 10018	9
10001, 10016, 10019	1
10001, 10016, 10019, 10022, 11231	1
10001, 10016, 10022	1
10001, 10016, 10022, 11231	1
10001, 10016, 10023	1
10001, 10016, 10024	1
10001, 10016, 10038, 11373, 11377	1
10001, 10016, 10118, 10120, 10121	1
10001, 10016, 11368	1
10001, 10017	4
10001, 10017, 10018	3
10001, 10017, 10018, 10019, 10020, 10022, 10036	1
10001, 10017, 10018, 10022	1
10001, 10017, 10019, 10020, 10022, 10036, 10065	2
10001, 10017, 10019, 10020, 10111, 10112	1
10001, 10017, 10019, 10036	1
10001, 10017, 10022	1
10001, 10017, 10036	1
10001, 10018	97
10001, 10018, 10019, 10022, 10036	3
10001, 10018, 10019, 10027, 10031, 10036	2
10001, 10018, 10019, 10036	1
10001, 10018, 10019, 10036, 10106, 10121	1
10001, 10018, 10019, 10036, 10470	1
10001, 10018, 10027, 10031	1
10001, 10018, 10036	5
10001, 10018, 10118, 10121	1
10001, 10018, 11101	1
10001, 10018, 11222	1
10001, 10019	8
10001, 10019, 10022, 10024	1
10001, 10019, 10022, 11216	1
10001, 10019, 10036	1
10001, 10019, 10038	1
10001, 10019, 10103, 10119	1
10001, 10021, 10036, 10065	1
10001, 10021, 10075	1
10001, 10022	2
10001, 10023	2
10001, 10023, 10075	1
10001, 10025, 10121	1
10001, 10025, 11201	1
10001, 10026	1
10001, 10027, 10031	3
10001, 10029	2
10001, 10031	1
10001, 10035, 10121, 11375	1
10001, 10036	10
10001, 10036, 10120	1
10001, 10036, 10121	1
10001, 10036, 11211	1
10001, 10036, 11231, 11249	1
10001, 10039, 10119	1
10001, 10065	1
10001, 10121	591
10001, 10128	1
10001, 10459	1
10001, 11101	1
10001, 11104	1
10001, 11201	3
10001, 11201, 11249	1
10001, 11205, 11217	1
10001, 11215	1
10001, 11222	4
10001, 11224, 11235	1
10001, 11225	1
10001, 11231	1
10001, 11238	1
10001, 11368	1
10001, 11385	1
10001, 11420	1
10002	540
10002, 10003	18
10002, 10003, 10005, 10011, 10012, 10014, 10017, 10019, 10022, 10027, 10075	1
10002, 10003, 10007, 10011	1
10002, 10003, 10007, 10013, 10038, 10278	1
10002, 10003, 10009	20
10002, 10003, 10009, 10010, 10016, 11205, 11216, 11221	1
10002, 10003, 10009, 10012	6
10002, 10003, 10009, 10012, 10013	2
10002, 10003, 10009, 10014	1
10002, 10003, 10009, 10019, 10022, 11231	1
10002, 10003, 10009, 10038, 11205	1
10002, 10003, 10009, 11101	1
10002, 10003, 10010	2
10002, 10003, 10010, 10016, 10038, 11201	1
10002, 10003, 10011	2
10002, 10003, 10011, 10012, 10013	1
10002, 10003, 10011, 10012, 10013, 10021, 10075, 11201	1
10002, 10003, 10011, 10013, 10036	1
10002, 10003, 10011, 10014	1
10002, 10003, 10011, 10014, 10016, 10017	1
10002, 10003, 10011, 10014, 10028, 10029, 10035, 10128	1
10002, 10003, 10011, 10028, 11233	1
10002, 10003, 10011, 11211	1
10002, 10003, 10012	10
10002, 10003, 10012, 10013	1
10002, 10003, 10012, 10017, 10018	1
10002, 10003, 10012, 11201	1
10002, 10003, 10013	1
10002, 10003, 10013, 10021, 10031	1
10002, 10003, 10013, 10038	2
10002, 10003, 10014	1
10002, 10003, 10014, 10038, 11201	1
10002, 10003, 11201	1
10002, 10003, 11216	1
10002, 10004	5
10002, 10004, 10005	2
10002, 10004, 10005, 10006, 10013	1
10002, 10004, 10005, 10006, 10013, 10038, 11201	1
10002, 10004, 10005, 10006, 10038	1
10002, 10004, 10005, 10007, 10013, 10038	1
10002, 10004, 10005, 10012, 10013, 10038	1
10002, 10004, 10005, 10013, 10038	2
10002, 10004, 10005, 10013, 10038, 11201	1
10002, 10004, 10005, 10035, 10128	1
10002, 10004, 10005, 10038	1
10002, 10004, 10006	1
10002, 10004, 10007, 10013, 10038	1
10002, 10004, 10009, 10128	1
10002, 10004, 10012	1
10002, 10004, 10013, 10036, 11211	1
10002, 10004, 10013, 10038	1
10002, 10004, 10013, 10038, 11038	1
10002, 10004, 10013, 10281, 10282	1
10002, 10004, 10022, 10028, 10029, 10035, 10128	1
10002, 10004, 10036	1
10002, 10004, 10038	3
10002, 10004, 10038, 11222	1
10002, 10004, 10474	1
10002, 10004, 11101, 11104, 11222	1
10002, 10004, 11211	1
10002, 10005, 10006, 10007, 10038	1
10002, 10005, 10006, 10011, 10013, 10022	1
10002, 10005, 10006, 10028, 10029, 10035, 10038, 10128, 11201	2
10002, 10005, 10009, 10028, 10029, 10035, 10128	1
10002, 10005, 10013, 10038	2
10002, 10005, 10035, 10038	1
10002, 10005, 10038	4
10002, 10005, 10038, 11201	1
10002, 10006, 10011, 10014, 10022	1
10002, 10006, 10011, 10014, 10022, 10028	1
10002, 10006, 11211, 11238	1
10002, 10007	4
10002, 10007, 10010, 10013, 10038	1
10002, 10007, 10010, 11211	1
10002, 10007, 10012, 10013	1
10002, 10007, 10013	9
10002, 10007, 10013, 10038	11
10002, 10007, 10013, 10038, 10278, 11201	1
10002, 10007, 10013, 10038, 10282	1
10002, 10007, 10013, 10038, 11217	1
10002, 10007, 10016, 10017, 10038, 10165, 11201	1
10002, 10007, 10018, 11222	1
10002, 10007, 10035, 11106, 11357	1
10002, 10007, 10038	2
10002, 10007, 10038, 11201	4
10002, 10007, 10075	1
10002, 10007, 10278	2
10002, 10009	35
10002, 10009, 10010, 10016, 10017	1
10002, 10009, 10011	2
10002, 10009, 10011, 10012	1
10002, 10009, 10011, 10012, 10013, 11211	1
10002, 10009, 10012	3
10002, 10009, 10012, 10013	2
10002, 10009, 10013, 10128	1
10002, 10009, 10014, 10038	1
10002, 10009, 10036	1
10002, 10009, 11205	1
10002, 10009, 11211	2
10002, 10009, 11251	1
10002, 10010	5
10002, 10010, 10011, 10012	1
10002, 10010, 10012, 10013, 10016	2
10002, 10010, 10012, 10038, 11201	1
10002, 10010, 10013, 10036, 11211	1
10002, 10010, 10013, 10038	1
10002, 10010, 10013, 11201	1
10002, 10010, 10016	1
10002, 10010, 10016, 10017, 10065	1
10002, 10010, 10017, 10038, 11201	2
10002, 10010, 10018	1
10002, 10011	4
10002, 10011, 10012	1
10002, 10011, 10012, 10013	1
10002, 10011, 10012, 10013, 10014	1
10002, 10011, 10012, 10014	3
10002, 10011, 10013	2
10002, 10011, 10013, 10014, 10038, 11201	1
10002, 10011, 10013, 10017	1
10002, 10011, 10013, 11201	1
10002, 10011, 10014	2
10002, 10011, 10014, 10038	1
10002, 10011, 10014, 11201	1
10002, 10011, 10019, 10035, 11101, 11249	1
10002, 10011, 10036	1
10002, 10011, 11201	1
10002, 10012	57
10002, 10012, 10013	40
10002, 10012, 10013, 10014	1
10002, 10012, 10013, 10016	1
10002, 10012, 10013, 10017	1
10002, 10012, 10013, 10018, 10036	1
10002, 10012, 10013, 10019, 10023, 10028, 10065	1
10002, 10012, 10013, 10019, 10038	1
10002, 10012, 10013, 10021, 10025	1
10002, 10012, 10013, 10022, 10038, 11201	1
10002, 10012, 10013, 10023	1
10002, 10012, 10013, 10038	1
10002, 10012, 10013, 10065	1
10002, 10012, 10013, 11101, 11222	1
10002, 10012, 10013, 11201	1
10002, 10012, 10013, 11211, 11222, 11249	1
10002, 10012, 10014	1
10002, 10012, 10016	2
10002, 10012, 10018, 10036, 10038	1
10002, 10012, 10018, 10038	1
10002, 10012, 10019, 10027, 10036, 11211	1
10002, 10012, 10025	1
10002, 10012, 10035	2
10002, 10012, 10036	1
10002, 10012, 10038	1
10002, 10012, 10038, 11201	1
10002, 10012, 11201	2
10002, 10012, 11201, 11249	1
10002, 10012, 11211	3
10002, 10012, 11211, 11249	1
10002, 10012, 11249	1
10002, 10013	70
10002, 10013, 10014	3
10002, 10013, 10014, 10038	1
10002, 10013, 10016, 10017, 10019, 10022, 11201	1
10002, 10013, 10016, 10038	1
10002, 10013, 10016, 11201	1
10002, 10013, 10017, 10022	2
10002, 10013, 10017, 10022, 11201	1
10002, 10013, 10018	1
10002, 10013, 10019, 10021, 10022, 10028, 10065, 10075, 10128	1
10002, 10013, 10019, 10036, 10105	1
10002, 10013, 10019, 10038	1
10002, 10013, 10022, 10024	1
10002, 10013, 10022, 10026, 10027	1
10002, 10013, 10023, 11201	1
10002, 10013, 10023, 11217	1
10002, 10013, 10028, 10029, 10035, 10038, 10128	1
10002, 10013, 10028, 10038	1
10002, 10013, 10035	1
10002, 10013, 10035, 10038	1
10002, 10013, 10036	2
10002, 10013, 10036, 10038	1
10002, 10013, 10036, 11201	2
10002, 10013, 10038	50
10002, 10013, 10038, 11101	1
10002, 10013, 10038, 11201	2
10002, 10013, 10038, 11201, 11211	4
10002, 10013, 10038, 11211, 11249	1
10002, 10013, 10038, 11372	1
10002, 10013, 10280	1
10002, 10013, 11038	1
10002, 10013, 11038, 11201	1
10002, 10013, 11101	2
10002, 10013, 11101, 11109	1
10002, 10013, 11109, 11222, 11249	1
10002, 10013, 11201	6
10002, 10013, 11201, 11231	2
10002, 10013, 11201, 11355	1
10002, 10013, 11203	1
10002, 10013, 11207	1
10002, 10013, 11211	2
10002, 10013, 11217	2
10002, 10013, 11218	1
10002, 10013, 11222	1
10002, 10013, 11249	1
10002, 10013, 11251	1
10002, 10014	9
10002, 10014, 10018	1
10002, 10014, 10019	1
10002, 10014, 11201, 11205	1
10002, 10016	1
10002, 10016, 11211	1
10002, 10017	2
10002, 10017, 10022, 10038, 11201	1
10002, 10017, 10036	1
10002, 10018, 10019, 10020, 10036, 10119, 11211, 11249	1
10002, 10018, 10036	3
10002, 10018, 10038	1
10002, 10018, 11101	1
10002, 10018, 11211	1
10002, 10018, 11222	1
10002, 10019	4
10002, 10019, 10020, 10026, 10027, 11211	1
10002, 10019, 10038	1
10002, 10019, 10103, 10119	1
10002, 10020	1
10002, 10020, 10027, 10111, 10112	1
10002, 10021	1
10002, 10021, 10023, 10038, 11201	1
10002, 10022	1
10002, 10022, 10038, 10065, 11038, 11201	1
10002, 10022, 10044, 10065, 11101	2
10002, 10022, 10044, 10065, 11101, 11201, 11211, 11222	1
10002, 10022, 11231	1
10002, 10023	1
10002, 10023, 10025, 10038, 11201	1
10002, 10024, 10025	2
10002, 10024, 11201	2
10002, 10025	2
10002, 10026, 10027	1
10002, 10026, 10458	1
10002, 10027	1
10002, 10027, 10030	1
10002, 10028, 10029, 10035, 10038, 10128	2
10002, 10028, 10029, 10035, 10038, 10128, 11201	1
10002, 10028, 10029, 10035, 10128	1
10002, 10029	1
10002, 10029, 11217	1
10002, 10035	1
10002, 10035, 10038	1
10002, 10035, 10038, 11211, 11249	1
10002, 10035, 11201, 11211	1
10002, 10035, 11211	2
10002, 10036	4
10002, 10038	50
10002, 10038, 11105, 11201, 11222	1
10002, 10038, 11201	6
10002, 10038, 11201, 11211	2
10002, 10038, 11201, 11217, 11238	1
10002, 10038, 11201, 11231	1
10002, 10038, 11237	1
10002, 10038, 11691, 11694	1
10002, 10451, 10459, 11211	1
10002, 10452	1
10002, 10454	1
10002, 10469	1
10002, 11038, 11206, 11211	1
10002, 11101	4
10002, 11101, 11109	1
10002, 11101, 11201	1
10002, 11101, 11211	2
10002, 11101, 11378	1
10002, 11102, 11105, 11201, 11217, 11241, 11249	1
10002, 11201	20
10002, 11201, 11205	2
10002, 11201, 11206, 11211, 11237	1
10002, 11201, 11211	5
10002, 11201, 11211, 11231	1
10002, 11201, 11211, 11249	2
10002, 11201, 11215, 11217, 11238	1
10002, 11201, 11222	2
10002, 11201, 11232	1
10002, 11205	2
10002, 11205, 11211	1
10002, 11206	1
10002, 11206, 11211, 11222, 11249	1
10002, 11207	1
10002, 11208, 11220	1
10002, 11211	10
10002, 11211, 11222	1
10002, 11211, 11222, 11249	2
10002, 11211, 11231	1
10002, 11211, 11249	10
10002, 11211, 11357	1
10002, 11211, 11377	1
10002, 11215	2
10002, 11216, 11238	1
10002, 11217	1
10002, 11219	1
10002, 11222	9
10002, 11222, 11232	1
10002, 11231	3
10002, 11237	1
10002, 11238	1
10002, 11249	1
10002, 11251	1
10002, 11358	1
10002, 11367	1
10002, 11414	1
10003	702
10003, 10004	1
10003, 10004, 10005	2
10003, 10004, 10005, 10006, 10012	1
10003, 10004, 10005, 10011	1
10003, 10004, 10005, 10011, 10038, 10045	1
10003, 10004, 10005, 10012, 10038	2
10003, 10004, 10011, 10280	1
10003, 10004, 10012	1
10003, 10005, 10009, 10010, 10038	1
10003, 10005, 10009, 10010, 10045, 10271	1
10003, 10005, 10011, 10014	1
10003, 10005, 10012, 10038	1
10003, 10007	2
10003, 10007, 10011	3
10003, 10007, 10011, 10012, 10013, 10014, 10278	1
10003, 10007, 10011, 10012, 10013, 10038	1
10003, 10007, 10011, 10013	1
10003, 10007, 10012, 10024	1
10003, 10007, 10013	1
10003, 10007, 10013, 10038	1
10003, 10007, 10019	1
10003, 10007, 10022, 10065	1
10003, 10009	86
10003, 10009, 10010	7
10003, 10009, 10010, 10011	1
10003, 10009, 10010, 10011, 10012, 10013	1
10003, 10009, 10010, 10012, 10013	1
10003, 10009, 10010, 10016	1
10003, 10009, 10011	3
10003, 10009, 10011, 10014, 11231, 11249	1
10003, 10009, 10012	8
10003, 10009, 10012, 10013, 10014	1
10003, 10009, 10013	2
10003, 10009, 10017, 10022	1
10003, 10009, 10018, 10036	1
10003, 10009, 10019, 10022	1
10003, 10009, 10032	1
10003, 10009, 10033	2
10003, 10009, 10036	1
10003, 10009, 10075	1
10003, 10009, 11101	2
10003, 10009, 11201	2
10003, 10009, 11207	1
10003, 10009, 11211, 11249	1
10003, 10009, 11249	1
10003, 10010	92
10003, 10010, 10011	28
10003, 10010, 10011, 10012	1
10003, 10010, 10011, 10012, 10013, 10014, 10016, 10023	1
10003, 10010, 10011, 10012, 10013, 10036	1
10003, 10010, 10011, 10014	1
10003, 10010, 10011, 10016	4
10003, 10010, 10011, 10017, 10018, 10019, 10036	1
10003, 10010, 10011, 10018	1
10003, 10010, 10011, 10019	1
10003, 10010, 10011, 10022, 10028	1
10003, 10010, 10011, 11222	1
10003, 10010, 10012	2
10003, 10010, 10012, 10013	2
10003, 10010, 10012, 10016	1
10003, 10010, 10013	1
10003, 10010, 10013, 10038, 10282	1
10003, 10010, 10016	7
10003, 10010, 10017	1
10003, 10010, 10017, 10165, 10173	1
10003, 10010, 10017, 11101	1
10003, 10010, 10018, 10019, 10020, 10023, 10111, 10112, 11215	1
10003, 10010, 10019, 10022	1
10003, 10010, 10021, 10023	1
10003, 10010, 10022	1
10003, 10010, 10022, 10152	1
10003, 10010, 10025, 10029	1
10003, 10010, 10036	4
10003, 10010, 10038	1
10003, 10010, 10177	1
10003, 10010, 11101	2
10003, 10010, 11201	1
10003, 10010, 11211	1
10003, 10010, 11211, 11249	1
10003, 10011	147
10003, 10011, 10012	28
10003, 10011, 10012, 10013	2
10003, 10011, 10012, 10013, 10014	1
10003, 10011, 10012, 10014	12
10003, 10011, 10012, 10014, 10021, 10065	1
10003, 10011, 10012, 10016, 10017, 10018, 10036, 10110, 10173	1
10003, 10011, 10012, 11234	1
10003, 10011, 10013	4
10003, 10011, 10013, 10014	1
10003, 10011, 10013, 10022, 11201	1
10003, 10011, 10014	28
10003, 10011, 10014, 10019, 10020, 10036	1
10003, 10011, 10014, 10019, 10022, 10024, 10036	1
10003, 10011, 10014, 10036	1
10003, 10011, 10016	2
10003, 10011, 10016, 10017	1
10003, 10011, 10016, 10017, 10170, 10174	1
10003, 10011, 10017, 10018, 10110	1
10003, 10011, 10018	1
10003, 10011, 10019	1
10003, 10011, 10021, 10023	1
10003, 10011, 10021, 10028, 10075	1
10003, 10011, 10022	1
10003, 10011, 10022, 10036	1
10003, 10011, 10022, 10065	1
10003, 10011, 10023, 10024	1
10003, 10011, 10024, 10025	1
10003, 10011, 10024, 10028, 10075, 10128, 10451, 10452	1
10003, 10011, 10025	2
10003, 10011, 10029	1
10003, 10011, 10036	4
10003, 10011, 10065	1
10003, 10011, 11101	1
10003, 10011, 11106	1
10003, 10011, 11201	2
10003, 10011, 11211	1
10003, 10011, 11211, 11222, 11249	1
10003, 10011, 11217	1
10003, 10012	83
10003, 10012, 10013	13
10003, 10012, 10013, 10021	1
10003, 10012, 10014	6
10003, 10012, 10014, 10018, 10036	1
10003, 10012, 10014, 11201	2
10003, 10012, 10017, 10018	1
10003, 10012, 10021, 10023	1
10003, 10012, 10021, 10065	1
10003, 10012, 10028, 10075	1
10003, 10012, 11101	2
10003, 10012, 11101, 11201	1
10003, 10012, 11201	4
10003, 10012, 11205	1
10003, 10012, 11205, 11211, 11249	1
10003, 10012, 11206	1
10003, 10012, 11222	1
10003, 10012, 11224	1
10003, 10012, 11231	1
10003, 10012, 11249	1
10003, 10013	6
10003, 10013, 10014	1
10003, 10013, 10014, 11201, 11241	1
10003, 10013, 10036	1
10003, 10013, 10280	1
10003, 10014	11
10003, 10014, 10017	1
10003, 10014, 10021, 10023	1
10003, 10016	4
10003, 10016, 11201	1
10003, 10016, 11231	1
10003, 10017	3
10003, 10017, 10018	1
10003, 10017, 10018, 10019, 10020, 10022, 10036, 10103, 10111, 10112, 10305, 10306	1
10003, 10017, 10018, 10019, 10020, 10022, 10036, 10103, 10111, 10112, 10306, 11205	1
10003, 10017, 10022	1
10003, 10017, 10022, 10023, 10152, 10167, 10171, 10172, 10177, 11378	1
10003, 10017, 10024	1
10003, 10018	4
10003, 10018, 10019	1
10003, 10018, 10019, 10020, 10022, 10036, 10111, 10112	1
10003, 10018, 10019, 10022	2
10003, 10018, 10036	2
10003, 10018, 11217	1
10003, 10019	6
10003, 10019, 10020, 10036, 11101	1
10003, 10019, 10022	1
10003, 10019, 10022, 10023	1
10003, 10019, 10022, 10023, 11201	1
10003, 10019, 10023	1
10003, 10021	1
10003, 10022	2
10003, 10022, 10023	1
10003, 10022, 10023, 10024, 10025, 10065	1
10003, 10022, 10036	1
10003, 10022, 10065	1
10003, 10023	1
10003, 10023, 10069	1
10003, 10024	2
10003, 10024, 10025	1
10003, 10024, 10075	1
10003, 10025	1
10003, 10027, 10075	1
10003, 10029	43
10003, 10031	1
10003, 10036	9
10003, 10038	1
10003, 10065	1
10003, 10281, 10282	1
10003, 11101	6
10003, 11101, 11109	1
10003, 11101, 11211	1
10003, 11104, 11377	1
10003, 11106	2
10003, 11201	8
10003, 11201, 11211	1
10003, 11201, 11215	1
10003, 11205	1
10003, 11211	1
10003, 11211, 11222	1
10003, 11211, 11249	1
10003, 11215	1
10003, 11216, 11232	1
10003, 11217	1
10003, 11218	2
10003, 11220	1
10003, 11221	1
10003, 11222	5
10003, 11224, 11229	1
10003, 11226	2
10003, 11232	1
10003, 11237	2
10003, 11237, 11385	1
10003, 11238	1
10003, 11249	1
10003, 11354, 11427	1
10003, 11357	1
10003, 11377	1
10003, 11378	2
10003, 11385	1
10003, 11420	1
10004	65
10004, 10005	88
10004, 10005, 10006	16
10004, 10005, 10006, 10007	1
10004, 10005, 10006, 10007, 10038	1
10004, 10005, 10006, 10007, 10038, 10271	1
10004, 10005, 10006, 10011, 10038	1
10004, 10005, 10006, 10019, 10020, 10022, 10036, 10111, 10112	1
10004, 10005, 10006, 10019, 10020, 10111	1
10004, 10005, 10006, 10023	1
10004, 10005, 10006, 10038	5
10004, 10005, 10006, 10038, 10045, 10271	1
10004, 10005, 10006, 10038, 10271	1
10004, 10005, 10006, 10038, 10280	1
10004, 10005, 10006, 11201	1
10004, 10005, 10007	3
10004, 10005, 10007, 10013	3
10004, 10005, 10007, 10013, 10038	2
10004, 10005, 10007, 10038	1
10004, 10005, 10007, 10038, 10281, 10282	1
10004, 10005, 10011	2
10004, 10005, 10011, 10012, 10013, 10019, 10023	1
10004, 10005, 10011, 10036, 10282	1
10004, 10005, 10012, 10013	2
10004, 10005, 10012, 10013, 10014, 10041	1
10004, 10005, 10012, 10013, 10038	1
10004, 10005, 10012, 10013, 10041	1
10004, 10005, 10013	3
10004, 10005, 10013, 10014, 10038	1
10004, 10005, 10013, 10038	4
10004, 10005, 10013, 10280	1
10004, 10005, 10014	2
10004, 10005, 10014, 10038, 11238	1
10004, 10005, 10016	1
10004, 10005, 10019, 10036, 10038	1
10004, 10005, 10020, 10036, 11201	1
10004, 10005, 10022	2
10004, 10005, 10023, 10041	1
10004, 10005, 10028, 10029, 10035, 10038, 10128	1
10004, 10005, 10028, 10029, 10035, 10128	1
10004, 10005, 10031, 10032	1
10004, 10005, 10036	1
10004, 10005, 10036, 10065	1
10004, 10005, 10036, 10280	1
10004, 10005, 10038	45
10004, 10005, 10038, 10041	6
10004, 10005, 10038, 10041, 11201	1
10004, 10005, 10038, 10045, 11211, 11249	1
10004, 10005, 10038, 11201	1
10004, 10005, 10038, 11222, 11249	1
10004, 10005, 10038, 11238	1
10004, 10005, 10041	5
10004, 10005, 10041, 10458, 10468	1
10004, 10005, 10041, 11101, 11378	1
10004, 10005, 10045	1
10004, 10005, 10280	2
10004, 10005, 11101	3
10004, 10005, 11205	1
10004, 10005, 11215	1
10004, 10005, 11217	1
10004, 10006	24
10004, 10006, 10007	1
10004, 10006, 10007, 10013	1
10004, 10006, 10013	2
10004, 10006, 10019, 10020, 10111, 10112	1
10004, 10006, 10280	1
10004, 10006, 10280, 10461, 10464, 10465, 10469, 10475	1
10004, 10006, 10280, 11201	1
10004, 10007	1
10004, 10007, 10011, 10014, 10036	1
10004, 10007, 10013	1
10004, 10007, 10013, 10014	1
10004, 10007, 10013, 10014, 10280	1
10004, 10007, 10013, 10038	1
10004, 10007, 10013, 10278	1
10004, 10007, 10029, 10035	2
10004, 10007, 10038	1
10004, 10007, 10280, 10282	1
10004, 10007, 11220, 11232	1
10004, 10009	1
10004, 10011	1
10004, 10011, 10013	1
10004, 10011, 10017, 10018	1
10004, 10012	2
10004, 10012, 10013	1
10004, 10012, 10023	1
10004, 10012, 11201, 11211, 11249	1
10004, 10013	10
10004, 10013, 10014	1
10004, 10013, 10280, 10282	1
10004, 10013, 10282	1
10004, 10014	2
10004, 10017	1
10004, 10017, 10018, 10019, 10021, 10022, 10028, 10036, 10065, 10075, 10280	1
10004, 10018	2
10004, 10018, 10280	1
10004, 10019	1
10004, 10019, 10020, 10036, 10119	2
10004, 10020, 10280	1
10004, 10022	1
10004, 10024	1
10004, 10031, 10032, 10034, 10040, 10463	1
10004, 10038	7
10004, 10041	1
10004, 10280	8
10004, 10280, 10282	1
10004, 10280, 11201, 11215	1
10004, 10280, 11413, 11432	1
10004, 10281, 10282	1
10004, 10306, 11201	1
10004, 11101	2
10004, 11103	1
10004, 11201	3
10004, 11201, 11211	1
10004, 11205, 11206	1
10004, 11205, 11217	1
10004, 11213	1
10004, 11217	1
10004, 11222	1
10004, 11225	1
10004, 11231	1
10004, 11238	1
10004, 11249	2
10005	87
10005, 10006	4
10005, 10006, 10007	1
10005, 10006, 10007, 10010, 10282	1
10005, 10006, 10007, 10019, 10038, 10045	1
10005, 10006, 10007, 10038	3
10005, 10006, 10007, 10038, 10045	1
10005, 10006, 10012, 10013, 11201	1
10005, 10006, 10014, 10038, 10045	1
10005, 10006, 10038	3
10005, 10006, 10038, 10045, 11222	1
10005, 10006, 10048, 10280	1
10005, 10006, 10280, 10281	1
10005, 10006, 11201	1
10005, 10007	4
10005, 10007, 10012, 10038	1
10005, 10007, 10013, 10036	1
10005, 10007, 10013, 10038	3
10005, 10007, 10013, 10038, 10278	1
10005, 10007, 10013, 10048	1
10005, 10007, 10028, 10029, 10035, 10038, 10128	1
10005, 10007, 10038	2
10005, 10010	1
10005, 10010, 10012, 10013, 10023	1
10005, 10011, 10013, 10014, 10024, 10038	1
10005, 10011, 10014	1
10005, 10011, 10014, 10038	1
10005, 10011, 10016	1
10005, 10011, 10017, 10022	1
10005, 10011, 10038	1
10005, 10012	1
10005, 10012, 10013, 10038	3
10005, 10012, 10013, 10045, 10281, 10282	1
10005, 10013, 10018, 10036, 10282	1
10005, 10013, 10019, 10036, 10038	1
10005, 10013, 10023	1
10005, 10013, 10038	3
10005, 10013, 10281, 10282	1
10005, 10016	2
10005, 10016, 10017, 10038, 10045	1
10005, 10016, 10018, 10038, 10045, 10118	1
10005, 10017, 10021, 10022, 10024, 10025, 10028, 10029, 10044, 10065, 10075, 10128, 10280, 11101, 11201, 11373	1
10005, 10017, 10022	1
10005, 10018, 10038	1
10005, 10019, 10022, 10038	1
10005, 10019, 10036	1
10005, 10019, 10036, 10038, 10280	1
10005, 10019, 10038, 10045	2
10005, 10021, 10023, 10036, 10038	1
10005, 10023, 10038	1
10005, 10028, 10029, 10035, 10038, 10128	1
10005, 10032, 10038, 10045	1
10005, 10035, 10038, 10045	1
10005, 10036	1
10005, 10038	95
10005, 10038, 10041	1
10005, 10038, 10045	6
10005, 10038, 10045, 11210	1
10005, 10038, 10045, 11225	1
10005, 10038, 10045, 11231	1
10005, 10038, 10065	1
10005, 10038, 10128	1
10005, 10038, 10280	1
10005, 10038, 10452	1
10005, 10038, 11101	1
10005, 10038, 11106, 11222	1
10005, 10038, 11201	1
10005, 10038, 11218, 11226	1
10005, 10038, 11222	2
10005, 10038, 11231	1
10005, 10041	1
10005, 10045	4
10005, 10065	2
10005, 10280	2
10005, 10309	1
10005, 10455, 10456, 10457, 11231	1
10005, 11201	2
10005, 11211, 11249	1
10005, 11249	1
10006	10
10006, 10007	7
10006, 10007, 10013	2
10006, 10007, 10013, 10021, 10075	1
10006, 10007, 10013, 10022, 10036, 10278	1
10006, 10007, 10013, 10038	1
10006, 10007, 10017, 10022	1
10006, 10007, 10019, 10021, 10036	1
10006, 10007, 10038	1
10006, 10007, 10048	8
10006, 10007, 10048, 10080	1
10006, 10007, 10048, 10280	1
10006, 10010, 10011, 10022	1
10006, 10010, 10016	1
10006, 10011, 10013, 10024	1
10006, 10012	1
10006, 10013, 10038	1
10006, 10014, 10048	4
10006, 10023, 10024	1
10006, 10036	1
10006, 10048	2
10006, 10280	2
10006, 11101	1
10006, 11206, 11237, 11238	1
10006, 11215, 11217	1
10007	180
10007, 10010	1
10007, 10010, 10013, 10016, 10031, 10032	1
10007, 10011, 10013, 10038	1
10007, 10011, 10014	1
10007, 10012, 10013	5
10007, 10012, 10013, 10014	1
10007, 10012, 10013, 10014, 10048	1
10007, 10012, 10279	1
10007, 10013	248
10007, 10013, 10014	1
10007, 10013, 10014, 10017	1
10007, 10013, 10014, 10038	1
10007, 10013, 10014, 11101	1
10007, 10013, 10017	1
10007, 10013, 10017, 10018	1
10007, 10013, 10017, 10022	1
10007, 10013, 10019	1
10007, 10013, 10019, 10022	1
10007, 10013, 10019, 10023, 11038	1
10007, 10013, 10021, 10038	1
10007, 10013, 10036	1
10007, 10013, 10038	72
10007, 10013, 10038, 10282	1
10007, 10013, 10038, 11201	1
10007, 10013, 10038, 11249	1
10007, 10013, 10048	1
10007, 10013, 10278	3
10007, 10013, 10280	1
10007, 10013, 10282	2
10007, 10013, 11101	1
10007, 10013, 11222	1
10007, 10014	4
10007, 10016, 10017, 10018, 10036	1
10007, 10016, 10036, 10278, 11232	1
10007, 10016, 10038	1
10007, 10017	1
10007, 10019, 10023	1
10007, 10021	2
10007, 10022	1
10007, 10029, 10281, 10282	1
10007, 10029, 11211, 11222	1
10007, 10036	1
10007, 10036, 10038	1
10007, 10038	11
10007, 10038, 10278	1
10007, 10038, 10451	1
10007, 10038, 11201	1
10007, 10038, 11201, 11231	1
10007, 10048	19
10007, 10048, 10282	1
10007, 10280	1
10007, 10280, 10282	4
10007, 10281, 10282	1
10007, 10282	9
10007, 11101, 11201	1
10007, 11201	4
10007, 11201, 11231	1
10007, 11206	1
10007, 11222	1
10007, 11224	1
10007, 11231	3
10007, 11368	1
10009	190
10009, 10010	2
10009, 10010, 10013	1
10009, 10010, 10016	2
10009, 10010, 10016, 10017, 10021, 10022, 10028, 10029, 10035, 10065, 10075, 10128, 11101, 11201, 11222	1
10009, 10010, 10016, 10017, 10021, 10022, 10028, 10029, 10035, 10065, 10075, 10128, 11201	1
10009, 10011, 10014	1
10009, 10012	6
10009, 10012, 10013	4
10009, 10012, 10014	1
10009, 10013	2
10009, 10013, 11222	1
10009, 10013, 11251	1
10009, 10014	3
10009, 10014, 10019	1
10009, 10016, 10017, 10018, 10036	1
10009, 10018	1
10009, 10019	1
10009, 10019, 10036	1
10009, 10024, 10025	1
10009, 10036	2
10009, 10128	1
10009, 10310	1
10009, 10451	1
10009, 11106, 11226	1
10009, 11201	1
10009, 11206	2
10009, 11206, 11211	1
10009, 11363	1
10009, 11367	1
10009, 11693	1
10010	301
10010, 10011	26
10010, 10011, 10012	1
10010, 10011, 10012, 10014	1
10010, 10011, 10012, 10014, 10023, 10036, 10065	1
10010, 10011, 10013, 10014	1
10010, 10011, 10013, 10014, 11222, 11249	1
10010, 10011, 10014	6
10010, 10011, 10016	2
10010, 10011, 10016, 10017, 10022, 10044, 10065, 11101	1
10010, 10011, 10017	1
10010, 10011, 10017, 10022, 10023	1
10010, 10011, 10018, 10019, 10035, 10036, 10106	1
10010, 10011, 10019, 10027, 10031, 10103	1
10010, 10011, 10019, 11201	1
10010, 10011, 10036	1
10010, 10012	10
10010, 10012, 10013	1
10010, 10012, 10013, 10014, 10022, 10044, 10065, 11101	1
10010, 10012, 10013, 10016, 10017, 10165	1
10010, 10012, 10016	1
10010, 10012, 10019	1
10010, 10013	10
10010, 10013, 10016	1
10010, 10013, 10036, 11101	1
10010, 10013, 10282	1
10010, 10014	4
10010, 10014, 10016	1
10010, 10014, 10017	1
10010, 10014, 10128	1
10010, 10014, 11201	1
10010, 10014, 11215	1
10010, 10016	67
10010, 10016, 10017	9
10010, 10016, 10017, 10018, 10019	1
10010, 10016, 10017, 10019, 10022, 10023, 10036	1
10010, 10016, 10017, 10022	2
10010, 10016, 10017, 10036	1
10010, 10016, 10017, 10170	1
10010, 10016, 10018	1
10010, 10016, 10019	2
10010, 10016, 10019, 10023, 11205	1
10010, 10016, 10023	1
10010, 10016, 10026, 10027	1
10010, 10016, 10033	1
10010, 10016, 10036	1
10010, 10016, 11101	1
10010, 10016, 11106	2
10010, 10016, 11215, 11231	1
10010, 10016, 11222	1
10010, 10016, 11418	1
10010, 10017	4
10010, 10017, 10035	1
10010, 10018	1
10010, 10018, 10019, 10028, 10036, 10128, 11201	1
10010, 10018, 10021	1
10010, 10018, 10023, 10024	1
10010, 10019	5
10010, 10019, 10020, 10112	1
10010, 10019, 10022	3
10010, 10019, 10022, 10023, 10024	1
10010, 10019, 10023	1
10010, 10019, 10036	1
10010, 10019, 10039	1
10010, 10021	1
10010, 10021, 10023, 10065	1
10010, 10022	2
10010, 10022, 11217	1
10010, 10023	1
10010, 10024	2
10010, 10029	2
10010, 10029, 10128	1
10010, 10035, 10036	1
10010, 10036	9
10010, 10036, 11218	1
10010, 10038	1
10010, 10038, 11201	1
10010, 10065	2
10010, 11101	3
10010, 11102	1
10010, 11106	1
10010, 11201	3
10010, 11201, 11206	1
10010, 11211	1
10010, 11219	1
10010, 11222	2
10010, 11222, 11249	1
10010, 11226	1
10010, 11231	1
10010, 11237	1
10010, 11249	1
10011	786
10011, 10012	33
10011, 10012, 10013	6
10011, 10012, 10013, 10014	4
10011, 10012, 10013, 10014, 10023, 10024	3
10011, 10012, 10013, 10017	1
10011, 10012, 10013, 10019, 10022, 10023	1
10011, 10012, 10013, 10022	1
10011, 10012, 10014	29
10011, 10012, 10014, 10016, 10018	1
10011, 10012, 10014, 10017, 10036, 10173	1
10011, 10012, 10014, 10021, 10022, 10036, 10075	1
10011, 10012, 10014, 10036	1
10011, 10012, 10014, 10452	1
10011, 10012, 10014, 11201, 11205	1
10011, 10012, 10014, 11210	1
10011, 10012, 10014, 11216	1
10011, 10012, 10018, 10036	1
10011, 10012, 10022, 10065	1
10011, 10012, 10025, 11222	1
10011, 10012, 10036	1
10011, 10013	12
10011, 10013, 10014	10
10011, 10013, 10014, 10017	1
10011, 10013, 10014, 10029, 11215	1
10011, 10013, 10014, 10035, 10454	1
10011, 10013, 10014, 11219	1
10011, 10013, 10022, 11201, 11215	1
10011, 10013, 10036	1
10011, 10013, 10036, 10038	1
10011, 10014	229
10011, 10014, 10017, 10018, 10022	1
10011, 10014, 10018, 10019	1
10011, 10014, 10021, 10028, 10075, 10128	1
10011, 10014, 10022	1
10011, 10014, 10022, 10027, 10065, 11106	1
10011, 10014, 10022, 10036, 10065, 10105, 10154	1
10011, 10014, 10023, 10024, 10025, 10027	1
10011, 10014, 10027, 11201	1
10011, 10014, 10028	1
10011, 10014, 10028, 10029, 10035, 10038, 10128	1
10011, 10014, 10036	3
10011, 10014, 10075	1
10011, 10014, 11101	1
10011, 10014, 11201	1
10011, 10016	4
10011, 10016, 10036	1
10011, 10017	2
10011, 10017, 10018, 10019, 10020, 10022, 10023, 10036	1
10011, 10017, 10018, 10021, 10022, 10028, 10029, 10035, 10036, 10037, 10065, 10075, 10110, 10128, 10152, 10171, 10172, 10175	1
10011, 10017, 10019, 10171, 10172	1
10011, 10018	4
10011, 10018, 10019	1
10011, 10018, 10019, 10036	1
10011, 10018, 10036	1
10011, 10019	15
10011, 10019, 10022	1
10011, 10019, 10023	3
10011, 10019, 10025	1
10011, 10019, 10036	1
10011, 10019, 11101	2
10011, 10021, 10065	1
10011, 10021, 10075	2
10011, 10022	3
10011, 10022, 10023	1
10011, 10022, 10065	1
10011, 10022, 10112	1
10011, 10022, 11222	1
10011, 10023	8
10011, 10023, 10036, 11224	1
10011, 10023, 10065	1
10011, 10024	1
10011, 10024, 10025	2
10011, 10024, 11106	1
10011, 10025	2
10011, 10027	1
10011, 10028	1
10011, 10028, 10075, 10128	1
10011, 10029	2
10011, 10031, 10039	1
10011, 10032	1
10011, 10032, 10033	1
10011, 10036	8
10011, 10309	1
10011, 11038	1
10011, 11101	4
10011, 11101, 11216	1
10011, 11101, 11354	1
10011, 11201	3
10011, 11201, 11217, 11231	1
10011, 11201, 11241	1
10011, 11205	2
10011, 11206	1
10011, 11211	5
10011, 11211, 11237	1
10011, 11211, 11249	3
10011, 11215	1
10011, 11216	1
10011, 11220	1
10011, 11222	7
10011, 11231	1
10011, 11238	1
10011, 11249	1
10011, 11375	1
10012	361
10012, 10013	212
10012, 10013, 10014	14
10012, 10013, 10014, 10019, 10022	1
10012, 10013, 10014, 10023	1
10012, 10013, 10014, 10036	1
10012, 10013, 10014, 11201	1
10012, 10013, 10014, 11233	1
10012, 10013, 10016	1
10012, 10013, 10016, 10017, 10036	1
10012, 10013, 10016, 10018	2
10012, 10013, 10016, 11201	1
10012, 10013, 10017	1
10012, 10013, 10017, 10019, 10020, 10022, 10167, 10171, 10172, 10177	1
10012, 10013, 10018	4
10012, 10013, 10018, 10036	2
10012, 10013, 10018, 10036, 10038	1
10012, 10013, 10022, 10044, 10065, 11101	1
10012, 10013, 10022, 10152	1
10012, 10013, 10023	1
10012, 10013, 10024, 10028, 10128	1
10012, 10013, 10029	1
10012, 10013, 10035	1
10012, 10013, 10036	5
10012, 10013, 10038	1
10012, 10013, 11101	2
10012, 10013, 11201	3
10012, 10013, 11201, 11222	1
10012, 10013, 11215, 11217, 11231	1
10012, 10013, 11216	1
10012, 10013, 11217	1
10012, 10013, 11222	1
10012, 10013, 11222, 11249	1
10012, 10013, 11237	1
10012, 10013, 11375	1
10012, 10014	79
10012, 10014, 10017, 10022, 10065	1
10012, 10014, 10019	2
10012, 10014, 10019, 10036, 10103	1
10012, 10014, 10065	1
10012, 10014, 10454, 10459, 10465, 10472, 10473, 10474	1
10012, 10014, 11101	3
10012, 10014, 11201	3
10012, 10016	2
10012, 10016, 10017	1
10012, 10016, 10017, 10019, 10022, 11201	1
10012, 10016, 10018, 10019, 10020, 10022, 10112	1
10012, 10016, 10023	1
10012, 10017	3
10012, 10017, 10018, 10036	1
10012, 10017, 10018, 11224, 11235	1
10012, 10017, 10019, 10023	1
10012, 10017, 10022, 10036, 11231	1
10012, 10017, 10023, 10025, 10036	1
10012, 10018	4
10012, 10018, 10019, 10020, 10036, 10119	1
10012, 10018, 10036	1
10012, 10019	3
10012, 10019, 10020, 10036, 10105, 10112, 11251	1
10012, 10019, 10022	1
10012, 10019, 10023, 10036, 10065	1
10012, 10019, 10027, 10106, 10453	1
10012, 10019, 10103	1
10012, 10021, 10023, 10075	1
10012, 10022	2
10012, 10023	3
10012, 10023, 11101, 11222	1
10012, 10024	2
10012, 10025	1
10012, 10027	1
10012, 10034	1
10012, 10036	1
10012, 10036, 11231	1
10012, 10038	1
10012, 10065	1
10012, 10304	1
10012, 11101	3
10012, 11101, 11109	1
10012, 11201	2
10012, 11201, 11211	1
10012, 11201, 11237	1
10012, 11211	2
10012, 11211, 11249	1
10012, 11215	3
10012, 11217	2
10012, 11217, 11238	1
10012, 11221	1
10012, 11222	4
10012, 11231	1
10012, 11237	1
10012, 11237, 11385	1
10012, 11249	3
10012, 11385	2
10013	898
10013, 10014	64
10013, 10014, 10019	1
10013, 10014, 10025	1
10013, 10014, 10027, 10031, 11201	1
10013, 10014, 10036	1
10013, 10014, 10282	1
10013, 10014, 11201	1
10013, 10014, 11217, 11231	1
10013, 10016	4
10013, 10016, 10018	1
10013, 10017	7
10013, 10017, 10022, 10044, 10065, 11101	1
10013, 10017, 10022, 10152, 10171	1
10013, 10017, 11249	1
10013, 10018	1
10013, 10018, 10036	1
10013, 10019	5
10013, 10019, 10022	1
10013, 10019, 10022, 10103	2
10013, 10019, 10023, 11385	1
10013, 10020, 10036, 10105	1
10013, 10021, 10038, 10075	1
10013, 10022	2
10013, 10022, 10023, 10065, 11201	1
10013, 10022, 10044, 10065, 10454, 11101	1
10013, 10022, 10044, 10065, 11101	2
10013, 10022, 10065, 10128	1
10013, 10022, 10152	3
10013, 10022, 10152, 10282	1
10013, 10023	1
10013, 10023, 10036	1
10013, 10023, 10065	1
10013, 10023, 11217, 11249	1
10013, 10024	3
10013, 10025, 10027, 10032, 10033, 11249	1
10013, 10026	2
10013, 10027	2
10013, 10027, 11101, 11215	1
10013, 10027, 11201, 11217	1
10013, 10028, 10075	1
10013, 10029, 10035	1
10013, 10030	1
10013, 10031	1
10013, 10033	1
10013, 10035	1
10013, 10036	6
10013, 10036, 11220, 11232	1
10013, 10038	10
10013, 10048	2
10013, 10075	1
10013, 10128	1
10013, 10280, 10281, 10282	1
10013, 10281, 10282, 10304	1
10013, 10282	12
10013, 10282, 11201	1
10013, 10282, 11222	1
10013, 10301	2
10013, 10451, 10454, 10468	1
10013, 10454	1
10013, 10454, 10460	1
10013, 10474	1
10013, 11101	3
10013, 11101, 11106	1
10013, 11101, 11201	1
10013, 11102, 11106	1
10013, 11105	1
10013, 11106	1
10013, 11201	12
10013, 11201, 11205, 11215, 11217	1
10013, 11201, 11206	1
10013, 11201, 11225	1
10013, 11205	2
10013, 11205, 11206	1
10013, 11206, 11237, 11385	1
10013, 11209	1
10013, 11211	2
10013, 11211, 11215	1
10013, 11211, 11222	1
10013, 11211, 11249	1
10013, 11214	1
10013, 11215	2
10013, 11217	1
10013, 11218, 11226	1
10013, 11222	3
10013, 11222, 11249	1
10013, 11226	1
10013, 11231	2
10013, 11237	1
10013, 11237, 11385	1
10013, 11238	1
10013, 11249	1
10013, 11251	1
10013, 11378	1
10013, 11415, 11435	1
10013, 11418	1
10013, 11693	1
10014	694
10014, 10016	3
10014, 10016, 10017	1
10014, 10016, 10017, 10173	1
10014, 10016, 10036	1
10014, 10017, 10023	1
10014, 10018	1
10014, 10019	2
10014, 10019, 10020, 10022, 10103, 10112	1
10014, 10019, 10023	2
10014, 10019, 10036	3
10014, 10019, 10036, 10128	1
10014, 10019, 11237	1
10014, 10019, 11237, 11249	1
10014, 10022	3
10014, 10022, 10044, 10065, 11101, 11201	1
10014, 10023	7
10014, 10023, 10024, 10025, 10027	1
10014, 10023, 10065	1
10014, 10024	2
10014, 10025	2
10014, 10028, 10029, 10035, 10038, 10128	1
10014, 10031, 11224	1
10014, 10036	5
10014, 10038	2
10014, 10065	1
10014, 10065, 11222	1
10014, 10069	1
10014, 11101	3
10014, 11106	1
10014, 11201	7
10014, 11201, 11226	1
10014, 11201, 11231	1
10014, 11205	1
10014, 11211	2
10014, 11211, 11249	2
10014, 11215	1
10014, 11215, 11249	1
10014, 11217	1
10014, 11222	6
10014, 11235	1
10014, 11249	1
10014, 11693	1
10016	168
10016, 10017	67
10016, 10017, 10018	7
10016, 10017, 10018, 10019, 10020, 10022, 10027, 10028, 10031, 10036, 10075, 10128	1
10016, 10017, 10018, 10019, 10020, 10036	1
10016, 10017, 10018, 10036	13
10016, 10017, 10018, 10036, 10110, 10158, 10165, 10170, 10173, 10174, 10175	1
10016, 10017, 10018, 10036, 10110, 10165, 10170, 10173, 10174, 10175	1
10016, 10017, 10018, 10165	1
10016, 10017, 10019	2
10016, 10017, 10019, 10022, 10112	1
10016, 10017, 10019, 10022, 11377	1
10016, 10017, 10019, 10023	1
10016, 10017, 10019, 10023, 10065	1
10016, 10017, 10019, 10036	1
10016, 10017, 10021, 10065	1
10016, 10017, 10022	8
10016, 10017, 10022, 10027, 10031, 10044, 10065, 11101	1
10016, 10017, 10022, 10033, 10036	1
10016, 10017, 10022, 10038, 10474, 11201, 11215, 11217, 11226, 11231	1
10016, 10017, 10022, 10044, 10065, 11101	2
10016, 10017, 10022, 10065	2
10016, 10017, 10022, 10065, 11101, 11222	1
10016, 10017, 10022, 10171, 10172	1
10016, 10017, 10023	1
10016, 10017, 10029	1
10016, 10017, 10036	5
10016, 10017, 10036, 10173	1
10016, 10017, 10065	1
10016, 10017, 10158	1
10016, 10017, 10165, 10173	1
10016, 10017, 10167, 10171, 10172, 10177, 10178	1
10016, 10017, 10170, 10173	1
10016, 10017, 10178	3
10016, 10017, 11101	1
10016, 10017, 11101, 11201, 11224	1
10016, 10017, 11106	1
10016, 10017, 11201	1
10016, 10017, 11217	1
10016, 10017, 11222	1
10016, 10017, 11375	1
10016, 10018	28
10016, 10018, 10019	1
10016, 10018, 10036	7
10016, 10018, 10065	1
10016, 10018, 11101, 11378	1
10016, 10018, 11109	1
10016, 10018, 11232	1
10016, 10019	3
10016, 10019, 10020, 10022, 10111	2
10016, 10019, 10021, 10065	1
10016, 10019, 10022	1
10016, 10019, 10022, 10036, 11201	1
10016, 10019, 10023	2
10016, 10019, 10026, 11101	1
10016, 10019, 10036	1
10016, 10021, 10022, 10044, 10065, 11101, 11201	1
10016, 10021, 10065	1
10016, 10021, 10065, 10075	1
10016, 10022	6
10016, 10022, 10028	1
10016, 10022, 10035	1
10016, 10023	2
10016, 10024, 11201	1
10016, 10036	4
10016, 10038, 11230	1
10016, 10065	1
10016, 10128	2
10016, 11101	2
10016, 11201	1
10016, 11211	1
10016, 11215	1
10016, 11216	1
10016, 11217	1
10016, 11222	1
10016, 11232	1
10017	242
10017, 10018	12
10017, 10018, 10019, 10020, 10021, 10022, 10028, 10036, 10065, 10075, 10103, 10111, 10112, 10128	1
10017, 10018, 10019, 10020, 10022, 10036, 10044, 10065, 10119, 11101	1
10017, 10018, 10019, 10020, 10036	1
10017, 10018, 10019, 10022, 10036, 10044, 10065, 11101	1
10017, 10018, 10019, 10036	1
10017, 10018, 10021, 10023	1
10017, 10018, 10022, 10028, 10128, 10152, 10167, 10171, 10172, 10177	1
10017, 10018, 10022, 10152	1
10017, 10018, 10022, 10171	1
10017, 10018, 10036	9
10017, 10018, 10036, 11201, 11217	1
10017, 10018, 10171, 10172	1
10017, 10018, 11224	1
10017, 10019	10
10017, 10019, 10020	1
10017, 10019, 10020, 10022, 10036	1
10017, 10019, 10020, 10022, 10036, 10065, 10103, 10111, 10112	1
10017, 10019, 10020, 10022, 10036, 10111, 10112	1
10017, 10019, 10020, 10036, 10119, 11368	1
10017, 10019, 10020, 10111	1
10017, 10019, 10020, 10111, 10112	1
10017, 10019, 10021, 10022, 10075, 10103	1
10017, 10019, 10022	4
10017, 10019, 10022, 10023, 10024, 10036	1
10017, 10019, 10022, 10023, 11101, 11109	1
10017, 10019, 10022, 10036, 10103	1
10017, 10019, 10022, 10065	1
10017, 10019, 10022, 10103	2
10017, 10019, 10022, 10103, 10111, 11374	1
10017, 10019, 10022, 10152, 10171	1
10017, 10019, 10022, 10171	1
10017, 10019, 10023	1
10017, 10019, 10023, 10036	1
10017, 10019, 10034	1
10017, 10019, 10036	5
10017, 10019, 10036, 10065	1
10017, 10019, 10036, 10103	1
10017, 10019, 10036, 11201	1
10017, 10019, 10103, 10119	1
10017, 10019, 10128	1
10017, 10019, 10165, 10173	1
10017, 10019, 10171, 10172	1
10017, 10020, 10022, 10023, 10036, 10112	1
10017, 10020, 10022, 10036	2
10017, 10020, 10022, 10036, 10112	1
10017, 10020, 10022, 10111	1
10017, 10020, 10036	5
10017, 10020, 10112	1
10017, 10021, 10022, 10028, 10036, 10065, 10075, 10128, 10152, 10171, 10172	1
10017, 10021, 10022, 10028, 10065, 10075	1
10017, 10021, 10022, 10028, 10075	1
10017, 10021, 10022, 10065, 10075	1
10017, 10021, 10022, 10065, 10152, 10167, 10171, 10172, 10177	1
10017, 10021, 10022, 10065, 10167, 10171, 10172, 10177	1
10017, 10021, 10036	1
10017, 10021, 10036, 10065	2
10017, 10022	91
10017, 10022, 10023	1
10017, 10022, 10024	1
10017, 10022, 10028	1
10017, 10022, 10036	1
10017, 10022, 10044, 10065, 11101	1
10017, 10022, 10044, 10065, 11101, 11106	1
10017, 10022, 10065	4
10017, 10022, 10065, 10152, 10154, 10155, 10171	2
10017, 10022, 10065, 11101	1
10017, 10022, 10065, 11201	1
10017, 10022, 10128	1
10017, 10022, 10152, 10167, 10171, 10172, 10177	1
10017, 10022, 10152, 10171	3
10017, 10022, 10167, 10171, 10172, 10177	2
10017, 10022, 10167, 10177	1
10017, 10022, 10171, 10172	6
10017, 10022, 10171, 10172, 11222	1
10017, 10022, 11101	1
10017, 10022, 11215	1
10017, 10022, 11217, 11225, 11238	1
10017, 10022, 11217, 11238	1
10017, 10022, 11222	1
10017, 10022, 11237, 11385	1
10017, 10023	2
10017, 10023, 10025, 10038, 10065	1
10017, 10023, 10065, 10167, 10171, 10172, 10177	1
10017, 10024	2
10017, 10026, 10128	1
10017, 10028, 10075	1
10017, 10029, 10128	1
10017, 10031	1
10017, 10036	49
10017, 10036, 10065	1
10017, 10036, 10128	1
10017, 10036, 10165	3
10017, 10036, 10165, 10173	1
10017, 10036, 10173	5
10017, 10036, 11106	1
10017, 10036, 11201	3
10017, 10036, 11693	1
10017, 10165	4
10017, 10167, 10171, 10172, 10177	3
10017, 10167, 10177	1
10017, 10170	1
10017, 10170, 10174	1
10017, 10173	3
10017, 10474	1
10017, 11101	3
10017, 11101, 11222, 11237	1
10017, 11101, 11378	1
10017, 11103, 11368, 11370, 11377	1
10017, 11201	6
10017, 11215, 11225, 11238	1
10017, 11217	2
10017, 11222	3
10017, 11238	1
10017, 11369	1
10018	269
10018, 10019	7
10018, 10019, 10020	1
10018, 10019, 10020, 10022, 10023, 10065	1
10018, 10019, 10020, 10027, 10030, 10031, 10036, 10105, 10106, 10119	1
10018, 10019, 10020, 10036, 10119	1
10018, 10019, 10021, 10036, 10075	1
10018, 10019, 10022	1
10018, 10019, 10022, 10023, 10103	2
10018, 10019, 10022, 10036	1
10018, 10019, 10022, 10103	1
10018, 10019, 10023	2
10018, 10019, 10023, 10036	1
10018, 10019, 10036	6
10018, 10019, 10036, 10105	1
10018, 10019, 10036, 10106	1
10018, 10019, 10036, 11201	1
10018, 10019, 10036, 11218, 11232	1
10018, 10020, 10036	1
10018, 10022	1
10018, 10022, 10023	1
10018, 10022, 10036, 10065	2
10018, 10022, 10065	1
10018, 10022, 11101, 11201	1
10018, 10023	2
10018, 10024	1
10018, 10025	1
10018, 10025, 10036	1
10018, 10026	1
10018, 10026, 10027	1
10018, 10027, 10031	1
10018, 10027, 10036	1
10018, 10028, 10128	1
10018, 10029	2
10018, 10031, 10032, 10033, 10036	1
10018, 10032, 10036	1
10018, 10033	1
10018, 10036	66
10018, 10036, 11101	1
10018, 10036, 11201	2
10018, 10036, 11211, 11222	1
10018, 10036, 11220	1
10018, 10036, 11222	1
10018, 10128	1
10018, 10128, 10454	1
10018, 10310	1
10018, 10451	1
10018, 10451, 10452	1
10018, 11101	5
10018, 11101, 11109	1
10018, 11209	1
10018, 11210, 11230	1
10018, 11215	3
10018, 11215, 11232	1
10018, 11222	1
10018, 11224	1
10018, 11232	1
10018, 11237	1
10018, 11249	1
10018, 11359	2
10018, 11415	1
10019	1710
10019, 10020	110
10019, 10020, 10022	5
10019, 10020, 10022, 10023	1
10019, 10020, 10022, 10023, 10065, 11101	1
10019, 10020, 10022, 10028, 10075, 10103, 10111, 10119	1
10019, 10020, 10022, 10032, 10103, 10111	1
10019, 10020, 10022, 10036	3
10019, 10020, 10022, 10036, 10103	2
10019, 10020, 10022, 10103, 10111	1
10019, 10020, 10022, 10111	2
10019, 10020, 10022, 10111, 10112	2
10019, 10020, 10022, 10111, 11230	1
10019, 10020, 10022, 11220	1
10019, 10020, 10022, 11222	1
10019, 10020, 10023	2
10019, 10020, 10023, 10111	2
10019, 10020, 10024, 10025, 10036	1
10019, 10020, 10027, 10115	1
10019, 10020, 10030	1
10019, 10020, 10036	29
10019, 10020, 10036, 10103	1
10019, 10020, 10036, 10103, 10105	1
10019, 10020, 10036, 10103, 10111	1
10019, 10020, 10036, 10105, 10112	1
10019, 10020, 10036, 10111, 10112	2
10019, 10020, 10036, 10119	1
10019, 10020, 10036, 11101	1
10019, 10020, 10103	1
10019, 10020, 10103, 10111	2
10019, 10020, 10103, 10111, 10112	1
10019, 10020, 10103, 10112	2
10019, 10020, 10111	80
10019, 10020, 10111, 10112	2
10019, 10020, 10112	7
10019, 10020, 11211, 11249	1
10019, 10021	4
10019, 10021, 10022, 10023, 10065, 10075	1
10019, 10021, 10022, 10028	2
10019, 10021, 10022, 10028, 10065, 10075, 10128	1
10019, 10021, 10022, 10065	1
10019, 10021, 10022, 10075	2
10019, 10021, 10023	3
10019, 10021, 10023, 10024, 10025, 10065	1
10019, 10021, 10023, 10103	1
10019, 10021, 10023, 11201	1
10019, 10021, 10065, 10075	1
10019, 10021, 10075	1
10019, 10021, 10103	1
10019, 10022	79
10019, 10022, 10023	6
10019, 10022, 10023, 10024, 10065	1
10019, 10022, 10023, 10036	1
10019, 10022, 10023, 10044, 10065, 11101	1
10019, 10022, 10023, 10065	4
10019, 10022, 10023, 10065, 10112	1
10019, 10022, 10023, 10065, 11101	1
10019, 10022, 10023, 10065, 11217	1
10019, 10022, 10023, 10103	1
10019, 10022, 10023, 10153	1
10019, 10022, 10024	1
10019, 10022, 10027	1
10019, 10022, 10028, 10103, 10128	1
10019, 10022, 10029	1
10019, 10022, 10029, 10065	1
10019, 10022, 10036	11
10019, 10022, 10036, 10044, 10065, 11101	1
10019, 10022, 10036, 10103, 10105, 10119	1
10019, 10022, 10036, 11101	1
10019, 10022, 10036, 11205	1
10019, 10022, 10065	12
10019, 10022, 10065, 11237	1
10019, 10022, 10103	4
10019, 10022, 10103, 10119	1
10019, 10022, 10111, 10112	1
10019, 10022, 10128	1
10019, 10022, 10151	1
10019, 10022, 10152	1
10019, 10022, 11101	1
10019, 10022, 11201	2
10019, 10022, 11206	1
10019, 10022, 11217	1
10019, 10022, 11222	1
10019, 10023	120
10019, 10023, 10024	5
10019, 10023, 10024, 10025	1
10019, 10023, 10024, 10025, 10027	1
10019, 10023, 10025	1
10019, 10023, 10027	1
10019, 10023, 10028, 10065, 10075	1
10019, 10023, 10029	1
10019, 10023, 10036	6
10019, 10023, 10036, 10065	1
10019, 10023, 10065	4
10019, 10023, 10065, 10128, 10454, 11217	1
10019, 10023, 10065, 11217	2
10019, 10023, 10065, 11225	1
10019, 10023, 10128	1
10019, 10023, 11101	1
10019, 10023, 11201	1
10019, 10023, 11201, 11217, 11222, 11224	1
10019, 10023, 11222	1
10019, 10023, 11357	1
10019, 10024	5
10019, 10024, 10025	1
10019, 10024, 10025, 10027, 10031, 10032, 10033, 10040, 10452, 10453	1
10019, 10024, 10025, 10027, 10036	1
10019, 10024, 10025, 10027, 10036, 10115	1
10019, 10024, 10025, 10027, 10115	1
10019, 10025	7
10019, 10025, 10103, 10111	2
10019, 10027	5
10019, 10028	3
10019, 10028, 10036, 10075	1
10019, 10028, 10128	2
10019, 10029	1
10019, 10029, 10030, 10031	1
10019, 10031	1
10019, 10031, 10032, 10036, 10463	1
10019, 10033	1
10019, 10035, 10036	1
10019, 10036	78
10019, 10036, 10103	1
10019, 10036, 10103, 11101	1
10019, 10036, 10105	8
10019, 10036, 10106	1
10019, 10036, 10128	1
10019, 10036, 10128, 11201	1
10019, 10036, 11101	2
10019, 10036, 11220, 11232	1
10019, 10036, 11226	1
10019, 10036, 11230	1
10019, 10038	1
10019, 10065	4
10019, 10065, 11222, 11385	1
10019, 10075	1
10019, 10097	6
10019, 10103	9
10019, 10103, 10119	2
10019, 10103, 10119, 11231	1
10019, 10103, 11201, 11231	1
10019, 10106	70
10019, 10106, 10458	1
10019, 10106, 10458, 10462	1
10019, 10111, 10112	1
10019, 10119	2
10019, 10128, 11354, 11355, 11367, 11368, 11375	1
10019, 10458	1
10019, 11101	2
10019, 11101, 11222	1
10019, 11102	1
10019, 11103	1
10019, 11201	2
10019, 11201, 11222	1
10019, 11205	1
10019, 11209, 11220	1
10019, 11211	1
10019, 11215	1
10019, 11219	1
10019, 11222	2
10019, 11237	1
10019, 11238	1
10019, 11249	2
10020	26
10020, 10021, 10036	1
10020, 10022	4
10020, 10022, 10023, 10024	1
10020, 10022, 10036	2
10020, 10022, 10036, 10111, 10112	1
10020, 10022, 10065	3
10020, 10022, 10111, 10112	2
10020, 10022, 10112	1
10020, 10023	1
10020, 10036	63
10020, 10036, 10111	1
10020, 10036, 10111, 10112	3
10020, 10036, 10112	7
10020, 10036, 11101	4
10020, 10036, 11215, 11217, 11238	1
10020, 10036, 11220	1
10020, 10111, 10112	10
10020, 10111, 10112, 11101, 11109	1
10020, 10112	24
10020, 10112, 11220	1
10021	103
10021, 10022	6
10021, 10022, 10023	1
10021, 10022, 10023, 10065, 10075	2
10021, 10022, 10023, 10075	1
10021, 10022, 10028	1
10021, 10022, 10028, 10075, 10128	1
10021, 10022, 10044, 10065, 11101	2
10021, 10022, 10065	3
10021, 10022, 10065, 10075	1
10021, 10022, 10065, 10075, 10128	2
10021, 10022, 10065, 10128	1
10021, 10022, 10065, 10152	2
10021, 10023	38
10021, 10023, 10024	5
10021, 10023, 10024, 10025, 10065	1
10021, 10023, 10024, 10065	2
10021, 10023, 10024, 10075	1
10021, 10023, 10024, 10128	1
10021, 10023, 10025	2
10021, 10023, 10028, 10029	1
10021, 10023, 10028, 10065, 10075	1
10021, 10023, 10028, 10065, 10075, 10128	1
10021, 10023, 10028, 10075	2
10021, 10023, 10028, 10075, 10128	1
10021, 10023, 10028, 10128	2
10021, 10023, 10031, 10032, 10075	1
10021, 10023, 10036	1
10021, 10023, 10036, 10065	1
10021, 10023, 10065	6
10021, 10023, 10065, 10075	1
10021, 10023, 10075	10
10021, 10023, 10128	1
10021, 10023, 11224, 11235	1
10021, 10024, 10025	1
10021, 10024, 10025, 10075	1
10021, 10024, 10028, 10075	1
10021, 10025, 10075	1
10021, 10026, 10029, 10065	1
10021, 10027	1
10021, 10028, 10065	1
10021, 10028, 10065, 10075	4
10021, 10028, 10065, 10075, 10128	1
10021, 10028, 10065, 10128	1
10021, 10028, 10075	9
10021, 10028, 10075, 10128	1
10021, 10028, 10075, 11101	1
10021, 10028, 10128	1
10021, 10029, 10065	1
10021, 10029, 10075	2
10021, 10036, 10075	1
10021, 10040, 10065	1
10021, 10065	40
10021, 10065, 10075	8
10021, 10065, 10075, 10128	2
10021, 10065, 10128	1
10021, 10065, 11101, 11222	1
10021, 10065, 11222	1
10021, 10075	48
10021, 10075, 10128	1
10021, 10075, 10162	1
10021, 10075, 11101	1
10021, 10075, 11213	1
10021, 10075, 11222	3
10021, 10075, 11231	1
10021, 10128	1
10021, 10454, 10473	1
10021, 11106	1
10021, 11201	2
10021, 11222	1
10021, 11224	1
10022	256
10022, 10023	5
10022, 10023, 10027, 10031, 10065	1
10022, 10023, 10065	2
10022, 10025	2
10022, 10026	1
10022, 10026, 10027	1
10022, 10028, 10029, 10035, 10036, 10065, 10128	1
10022, 10028, 10029, 10035, 10065, 10128	1
10022, 10028, 10065, 10075	3
10022, 10028, 10065, 10075, 10128	1
10022, 10028, 10065, 10075, 10152	1
10022, 10032, 10033, 10034, 10044, 10065, 11101	1
10022, 10035	1
10022, 10036	6
10022, 10036, 10044, 10065, 11101	1
10022, 10036, 10065	2
10022, 10038	1
10022, 10044, 10065, 10451, 10452, 11101	1
10022, 10044, 10065, 11101	18
10022, 10044, 10065, 11101, 11102, 11105, 11106, 11370	1
10022, 10044, 10065, 11101, 11104	1
10022, 10044, 10065, 11101, 11106, 11222	1
10022, 10044, 10065, 11101, 11109	1
10022, 10044, 10065, 11101, 11211, 11222	2
10022, 10044, 10065, 11101, 11222	2
10022, 10044, 10065, 11101, 11354, 11355, 11367, 11368	1
10022, 10044, 10065, 11101, 11369	1
10022, 10044, 10065, 11101, 11370, 11377	1
10022, 10044, 11101, 11106	1
10022, 10044, 11106	1
10022, 10065	33
10022, 10065, 10155, 10451, 10452	1
10022, 10065, 11101	1
10022, 10065, 11217	1
10022, 10128	1
10022, 10152	11
10022, 10152, 10154	1
10022, 10152, 11101	2
10022, 10152, 11222	1
10022, 10154	2
10022, 10452, 10456, 11379	1
10022, 11101	7
10022, 11101, 11373	1
10022, 11105	1
10022, 11201	3
10022, 11205	1
10022, 11205, 11251	1
10022, 11206	1
10022, 11209	1
10022, 11216	1
10022, 11217	2
10022, 11220, 11231	1
10022, 11220, 11232	1
10022, 11221	1
10022, 11222	5
10022, 11224	1
10022, 11232	2
10023	1106
10023, 10024	70
10023, 10024, 10025	13
10023, 10024, 10025, 10026	1
10023, 10024, 10025, 10026, 10029	3
10023, 10024, 10025, 10027	6
10023, 10024, 10025, 10027, 10031, 10032	1
10023, 10024, 10025, 10031	1
10023, 10024, 10025, 10031, 10032	1
10023, 10024, 10025, 10036, 11215, 11238	1
10023, 10024, 10025, 11201	1
10023, 10024, 10036	1
10023, 10024, 10065	1
10023, 10024, 10069	1
10023, 10024, 10075	1
10023, 10024, 11385	1
10023, 10025	7
10023, 10025, 10027	1
10023, 10026, 10027	1
10023, 10027	2
10023, 10028	1
10023, 10029	2
10023, 10031, 10032	1
10023, 10033	2
10023, 10035	1
10023, 10036	10
10023, 10036, 10048, 11368	1
10023, 10065	17
10023, 10065, 11201	1
10023, 10069	4
10023, 10075	4
10023, 10128	1
10023, 10454, 10468	1
10023, 10458, 11372	1
10023, 11101	1
10023, 11106	2
10023, 11201	4
10023, 11201, 11216	1
10023, 11201, 11249	1
10023, 11206	1
10023, 11217	1
10023, 11226	1
10023, 11231	1
10023, 11355	1
10023, 11359	1
10023, 11373	1
10024	154
10024, 10025	73
10024, 10025, 10026	1
10024, 10025, 10027	7
10024, 10025, 10027, 10031, 10032, 10033	2
10024, 10025, 10027, 10065	1
10024, 10025, 10027, 10115	1
10024, 10025, 10029	4
10024, 10025, 10029, 10128	1
10024, 10025, 10031	1
10024, 10025, 10036, 11201	1
10024, 10025, 11249	1
10024, 10025, 11375	1
10024, 10026	1
10024, 10026, 10027, 10031	1
10024, 10027	18
10024, 10027, 10031	3
10024, 10027, 10031, 10115	1
10024, 10027, 10033	1
10024, 10027, 10115	3
10024, 10027, 11225, 11238	1
10024, 10028	3
10024, 10028, 10075, 11206	1
10024, 10028, 10128	2
10024, 10029	2
10024, 10029, 10128	2
10024, 10031	2
10024, 10036	3
10024, 10128	2
10024, 10463	2
10024, 11205	2
10024, 11206	1
10024, 11217	1
10024, 11222	1
10024, 11226	1
10024, 11237	1
10025	152
10025, 10026	7
10025, 10026, 10027	12
10025, 10026, 10027, 10031	1
10025, 10026, 10027, 10031, 10040	1
10025, 10026, 10027, 10033	2
10025, 10026, 10027, 10039	1
10025, 10026, 10029	4
10025, 10026, 10031	1
10025, 10026, 10032	1
10025, 10026, 11101	1
10025, 10027	54
10025, 10027, 10031	2
10025, 10027, 10031, 10032	2
10025, 10027, 10031, 10032, 10033	12
10025, 10027, 10031, 10032, 10033, 10034	3
10025, 10027, 10031, 10039	1
10025, 10027, 10032	1
10025, 10027, 10035	1
10025, 10027, 10115	1
10025, 10027, 11101	1
10025, 10028, 10075	1
10025, 10029	8
10025, 10029, 10035	1
10025, 10029, 10128	2
10025, 10029, 11102, 11103, 11105, 11369, 11370	1
10025, 10029, 11222	1
10025, 10031	4
10025, 10031, 10032	1
10025, 10032	1
10025, 10032, 10033, 10034	2
10025, 10035	1
10025, 10036	1
10025, 10036, 11201	1
10025, 10457, 10458	1
10025, 11101	2
10025, 11201	1
10025, 11222	1
10025, 11249	1
10026	99
10026, 10027	58
10026, 10027, 10028, 10128	1
10026, 10027, 10029	1
10026, 10027, 10030	1
10026, 10027, 10031	1
10026, 10027, 10031, 10032	1
10026, 10027, 10032	1
10026, 10027, 10032, 10035, 10040	1
10026, 10027, 10032, 10039	1
10026, 10027, 10035	5
10026, 10027, 10036	1
10026, 10027, 10456, 10457, 10459	1
10026, 10028	1
10026, 10028, 10128	1
10026, 10029	9
10026, 10031	2
10026, 10031, 10032	2
10026, 10032	1
10026, 10033	1
10026, 10035	1
10026, 10451, 10454	1
10026, 10454	1
10026, 10457	1
10026, 11101	1
10027	320
10027, 10028	3
10027, 10028, 10035, 10128	1
10027, 10028, 10128	1
10027, 10029	1
10027, 10029, 10031	2
10027, 10029, 10035	1
10027, 10030	6
10027, 10030, 10031	5
10027, 10030, 10031, 10032	1
10027, 10030, 10035	2
10027, 10030, 10037, 11101	1
10027, 10031	75
10027, 10031, 10032	1
10027, 10031, 10032, 10033	1
10027, 10031, 10032, 10033, 10034, 10040, 11101	1
10027, 10031, 10033, 11222	1
10027, 10031, 10034	1
10027, 10031, 10034, 10040	2
10027, 10031, 10035	1
10027, 10031, 10465, 11201, 11237, 11359, 11360	1
10027, 10031, 11101	1
10027, 10031, 11201, 11237, 11359, 11360	1
10027, 10031, 11211, 11238	1
10027, 10031, 11222	1
10027, 10031, 11375	1
10027, 10032	3
10027, 10032, 10033, 10035, 10037, 10039, 10040	1
10027, 10033	1
10027, 10033, 10040	1
10027, 10034, 10039, 10040	1
10027, 10035	13
10027, 10035, 10037	2
10027, 10035, 10128	1
10027, 10036	1
10027, 10037	3
10027, 10039, 10451	1
10027, 10065	1
10027, 10280	1
10027, 10454	3
10027, 10474	1
10027, 10474, 11201, 11215	1
10027, 11101	3
10027, 11101, 11109	1
10027, 11201	1
10027, 11208	1
10027, 11215	1
10027, 11215, 11225	1
10027, 11231	1
10027, 11377	2
10027, 11435	2
10028	67
10028, 10029	1
10028, 10029, 10128	3
10028, 10029, 10128, 10129	1
10028, 10031, 10032	1
10028, 10035	1
10028, 10036	2
10028, 10036, 10128	1
10028, 10038, 10075	1
10028, 10038, 11101, 11368	1
10028, 10065	3
10028, 10065, 10075, 11222	1
10028, 10065, 11102, 11105	1
10028, 10075	41
10028, 10075, 10128	7
10028, 10075, 11101	2
10028, 10128	41
10028, 10128, 11101	1
10028, 10128, 11222	1
10028, 11105	1
10028, 11216	1
10028, 11222	1
10028, 11249	1
10029	221
10029, 10031	1
10029, 10031, 10032	1
10029, 10031, 10128	1
10029, 10033, 10039	1
10029, 10035	22
10029, 10035, 11101	1
10029, 10035, 11101, 11105, 11370	1
10029, 10036	1
10029, 10065	3
10029, 10065, 10128	2
10029, 10075	1
10029, 10128	13
10029, 10454	1
10029, 10454, 10455	1
10029, 10455	1
10029, 10467, 10470	1
10029, 10471	1
10029, 11101	2
10029, 11106	1
10029, 11201	1
10029, 11211	1
10029, 11211, 11218	1
10029, 11222	1
10029, 11229	1
10030	40
10030, 10031	23
10030, 10031, 10032	1
10030, 10031, 10032, 10037	1
10030, 10031, 10037	2
10030, 10031, 10039	3
10030, 10032	1
10030, 10035, 11101	1
10030, 10037	9
10030, 10039	4
10031	151
10031, 10032	60
10031, 10032, 10033	5
10031, 10032, 10035	1
10031, 10032, 10035, 10037	1
10031, 10032, 10039	1
10031, 10032, 10040	1
10031, 10032, 10474	1
10031, 10032, 11201, 11205, 11217	1
10031, 10033	2
10031, 10033, 10034	1
10031, 10033, 10040, 10452, 10453	1
10031, 10034	1
10031, 10035	1
10031, 10035, 11359, 11360	1
10031, 10039	4
10031, 10112	1
10031, 11101	1
10031, 11211	2
10031, 11234	1
10031, 11417	1
10032	206
10032, 10033	30
10032, 10033, 10034	1
10032, 10033, 10036, 10128	1
10032, 10033, 10040	3
10032, 10033, 11369	1
10032, 10039	3
10032, 10069	1
10032, 10452, 10453	1
10032, 10453, 10457, 10458, 10468	1
10032, 10454	7
10032, 10454, 10459, 10465, 10472, 10473, 10474	2
10032, 11101	1
10032, 11226	1
10032, 11238	1
10033	171
10033, 10034	1
10033, 10034, 10040	1
10033, 10039	1
10033, 10040	5
10033, 10454	1
10033, 10473	1
10033, 11101	2
10033, 11201	1
10033, 11249	1
10033, 11369	1
10034	42
10034, 10040	17
10034, 10040, 10452	1
10034, 10040, 10456	1
10034, 10451	1
10034, 10463	2
10034, 10471	1
10034, 11101	2
10035	35
10035, 10037	1
10035, 10038	1
10035, 10128	2
10035, 10128, 11102, 11103	1
10035, 10454	5
10035, 10454, 10474	1
10035, 10458	1
10035, 10462	1
10035, 11101	2
10035, 11102, 11105, 11370	1
10035, 11209, 11222	1
10035, 11232	1
10035, 11366, 11432	1
10035, 11372	1
10036	1827
10036, 10065	3
10036, 10105	283
10036, 10105, 10128	1
10036, 10128	1
10036, 11101	2
10036, 11101, 11201, 11205	1
10036, 11101, 11222	1
10036, 11101, 11238	1
10036, 11201	6
10036, 11201, 11205, 11238	1
10036, 11205, 11211	1
10036, 11209, 11220, 11249	1
10036, 11211	1
10036, 11222	4
10036, 11225, 11238	1
10036, 11230	1
10036, 11237	2
10036, 11238	1
10036, 11249	4
10036, 11385	1
10037	20
10038	107
10038, 10065	1
10038, 10280	1
10038, 10301	1
10038, 11201	2
10038, 11209, 11225	1
10038, 11215	1
10038, 11222	3
10038, 11237	1
10038, 11377	1
10038, 11378	1
10039	33
10039, 10451	1
10039, 10451, 11201	1
10039, 10454	1
10039, 10470	1
10039, 11101	1
10039, 11201	1
10039, 11220, 11232	1
10040	28
10040, 10451, 10455	1
10040, 10463	1
10040, 11101	1
10040, 11201	1
10041, 11201	1
10044	8
10044, 10458	1
10044, 11101	3
10044, 11101, 11106	4
10044, 11105	1
10044, 11106	8
10044, 11106, 11222	1
10044, 11106, 11372	1
10044, 11375	1
10048	7
10065	246
10065, 10075	1
10065, 10128	1
10065, 11101, 11109	1
10065, 11105	1
10065, 11201	1
10065, 11205	1
10065, 11211, 11249	1
10065, 11222	2
10069	2
10075	57
10128	92
10128, 10129	2
10128, 10451, 10454	1
10128, 10454	1
10128, 10457, 10458	2
10128, 11101	2
10128, 11106	1
10128, 11209	1
10128, 11211	1
10128, 11212	1
10128, 11217	1
10128, 11222	2
10128, 11236	1
10128, 11423	1
10280	10
10280, 10282	3
10281, 10282	3
10282	12
10282, 11217	1
10301	103
10301, 10302	3
10301, 10302, 10303, 10310	1
10301, 10302, 10305	1
10301, 10302, 10310	1
10301, 10303, 10310	2
10301, 10304	12
10301, 10304, 10305	2
10301, 10305	2
10301, 10308	5
10301, 10309	1
10301, 10310	27
10301, 10310, 10314	2
10301, 10314	3
10302	48
10302, 10303	3
10302, 10303, 10310, 10312, 10314	1
10302, 10304	3
10302, 10304, 10306	1
10302, 10305	2
10302, 10309	6
10302, 10310	2
10303	26
10303, 10305, 10314	1
10303, 10309	1
10303, 10310	1
10303, 10314, 11215	1
10303, 11101	1
10303, 11222	1
10304	57
10304, 10305	8
10304, 10305, 10309	1
10304, 10305, 11220, 11232	1
10304, 10306	3
10304, 10309	7
10304, 10310	1
10304, 10314	3
10305	30
10305, 10306	5
10305, 11209	3
10305, 11209, 11222, 11229	1
10305, 11209, 11228	3
10305, 11209, 11231	1
10306	41
10306, 10308	1
10306, 10309	5
10306, 10314	3
10306, 11208	1
10306, 11226	1
10306, 11249	1
10307	9
10307, 10308	1
10307, 10309	18
10307, 10312	2
10308	19
10308, 10309	1
10309	51
10309, 10312	3
10309, 10314	1
10310	23
10310, 10314	1
10312	10
10314	38
10314, 11215	1
10451	150
10451, 10452	24
10451, 10452, 10453, 10454, 10455, 10457, 10461	1
10451, 10452, 10453, 10456, 10457, 10458, 10468	1
10451, 10452, 10456	2
10451, 10454	35
10451, 10454, 10455, 10456	1
10451, 10454, 10459, 10465, 10472, 10473, 10474	1
10451, 10454, 10471	1
10451, 10454, 11101	1
10451, 10455	6
10451, 10455, 10456	4
10451, 10456	6
10451, 10475	1
10451, 11222	1
10452	40
10452, 10453	3
10452, 10453, 10454	1
10452, 10453, 10456, 10457	1
10452, 10453, 10456, 10463, 10468	1
10452, 10453, 10457	8
10452, 10454, 10455	1
10452, 10454, 10456	1
10452, 10454, 10458, 10460, 10462, 10467	1
10452, 10456	9
10452, 10456, 10474, 11211	1
10452, 10457	2
10452, 10457, 10458	1
10452, 10463	1
10452, 10468	1
10452, 10472	1
10453	27
10453, 10457, 10458, 10468	2
10453, 10457, 10468	1
10453, 10458, 10468	1
10453, 10459	1
10453, 10462	1
10453, 10463	1
10453, 10468	1
10454	247
10454, 10455	9
10454, 10455, 10459, 10472, 10473, 10474	1
10454, 10455, 11231	1
10454, 10459, 10465, 10472, 10473, 10474	6
10454, 10460	1
10454, 10463	1
10454, 10465	1
10454, 10472	1
10454, 10474	2
10454, 10474, 11220	1
10454, 11101	6
10454, 11231	1
10455	10
10455, 10459	1
10455, 10459, 10463	1
10455, 10459, 10474	1
10455, 10474	2
10456	38
10456, 10457	10
10456, 10457, 10468	2
10456, 10459	1
10457	24
10457, 10458	37
10457, 10458, 10463	1
10457, 10458, 10464	1
10457, 10458, 10470	1
10457, 10458, 10474	1
10457, 10460	1
10457, 10474	1
10457, 11102, 11105	1
10457, 11220	1
10457, 11232	1
10458	37
10458, 10460	1
10458, 10460, 10462, 10467	2
10458, 10465	1
10458, 10467	1
10458, 10467, 10468	1
10458, 10468	8
10458, 10468, 10470	1
10458, 10470	1
10458, 10471	1
10458, 11364	1
10459	5
10459, 10460	3
10459, 10474	1
10460	4
10460, 10462	6
10460, 10462, 10466, 10470	1
10461	9
10461, 10462	4
10461, 10463	2
10461, 10464, 10465, 10469, 10475	2
10461, 10466, 10475	1
10461, 11232, 11234	1
10462	9
10462, 11105	1
10463	18
10463, 10467, 10468	2
10463, 10467, 10470	1
10463, 10468	2
10463, 10470, 10471	2
10463, 10471	14
10463, 10471, 11222	1
10464	35
10464, 10466	1
10464, 10475	1
10464, 11101, 11106	1
10464, 11211	1
10464, 11235	1
10464, 11238	1
10465	7
10465, 11101, 11106, 11385	1
10466	17
10466, 10467	1
10466, 10468, 10470	1
10466, 10469	2
10466, 10470	2
10466, 10475	1
10467	12
10467, 10468	2
10467, 10470	1
10467, 10475	1
10468	45
10468, 10469	1
10468, 11101, 11231	1
10468, 11224, 11235	1
10469	9
10469, 10475	2
10470	13
10470, 10471	2
10471	57
10471, 11101	1
10472, 10473, 10474	1
10472, 10474	1
10473	4
10474	112
10474, 11101, 11106	1
10474, 11215	1
10475	6
11001	1
11001, 11004, 11697	1
11004	3
11004, 11040	14
11004, 11222	1
11004, 11426	1
11004, 11427	1
11038, 11201	2
11101	2768
11101, 11102	6
11101, 11102, 11103	2
11101, 11102, 11103, 11105, 11106	1
11101, 11102, 11103, 11377	1
11101, 11102, 11104, 11106	1
11101, 11102, 11104, 11106, 11377	1
11101, 11102, 11105, 11106	1
11101, 11102, 11106	5
11101, 11102, 11222	3
11101, 11102, 11249	1
11101, 11103	12
11101, 11103, 11105, 11377	1
11101, 11103, 11106	15
11101, 11103, 11222	1
11101, 11103, 11231	1
11101, 11104	31
11101, 11104, 11105	1
11101, 11104, 11106	1
11101, 11104, 11106, 11377	1
11101, 11104, 11109, 11377	1
11101, 11104, 11211	1
11101, 11104, 11222	3
11101, 11104, 11222, 11232	1
11101, 11104, 11377	12
11101, 11104, 11378	1
11101, 11105	7
11101, 11105, 11106	2
11101, 11105, 11222	1
11101, 11105, 11370	1
11101, 11106	264
11101, 11106, 11109	2
11101, 11106, 11205	1
11101, 11106, 11222	3
11101, 11106, 11225	1
11101, 11106, 11225, 11226	1
11101, 11106, 11249	1
11101, 11106, 11361	1
11101, 11106, 11367	1
11101, 11106, 11377	1
11101, 11106, 11385	1
11101, 11109	63
11101, 11109, 11201	2
11101, 11109, 11201, 11205, 11226	1
11101, 11109, 11211	2
11101, 11109, 11222	15
11101, 11109, 11249	1
11101, 11109, 11361	2
11101, 11109, 11372, 11373	2
11101, 11109, 11378	3
11101, 11201	17
11101, 11201, 11205	1
11101, 11201, 11205, 11206	1
11101, 11201, 11222	3
11101, 11201, 11231	2
11101, 11201, 11249	1
11101, 11201, 11378	1
11101, 11201, 11385	1
11101, 11205	4
11101, 11205, 11211, 11238	1
11101, 11205, 11211, 11249	1
11101, 11205, 11237	1
11101, 11205, 11251	2
11101, 11205, 11378	1
11101, 11206	6
11101, 11206, 11211	1
11101, 11207	1
11101, 11207, 11212, 11378	1
11101, 11210	1
11101, 11211	21
11101, 11211, 11222	5
11101, 11211, 11222, 11249	2
11101, 11211, 11249	11
11101, 11211, 11249, 11377	1
11101, 11211, 11378	1
11101, 11215, 11217	1
11101, 11215, 11225, 11378	1
11101, 11215, 11231	1
11101, 11216	1
11101, 11217	4
11101, 11218	2
11101, 11218, 11225	1
11101, 11219	1
11101, 11221	1
11101, 11222	256
11101, 11222, 11236	1
11101, 11222, 11237	1
11101, 11222, 11249	3
11101, 11222, 11368, 11372	1
11101, 11222, 11378	2
11101, 11225, 11238	2
11101, 11226	3
11101, 11226, 11378	1
11101, 11230	3
11101, 11232	2
11101, 11237	1
11101, 11237, 11385	1
11101, 11238	2
11101, 11238, 11378	1
11101, 11249	20
11101, 11249, 11251	2
11101, 11249, 11377, 11378	1
11101, 11249, 11378	1
11101, 11249, 11385	1
11101, 11354	1
11101, 11354, 11355, 11358, 11359, 11361, 11368, 11373, 11377	1
11101, 11355, 11358, 11361, 11368, 11373	1
11101, 11355, 11358, 11365	1
11101, 11356	1
11101, 11357	3
11101, 11361	1
11101, 11364, 11427	2
11101, 11365, 11366	1
11101, 11367	2
11101, 11368	3
11101, 11369	4
11101, 11374	1
11101, 11375	1
11101, 11375, 11385, 11415, 11421	2
11101, 11377	9
11101, 11377, 11378	2
11101, 11378	76
11101, 11378, 11379	2
11101, 11378, 11385	1
11101, 11379	2
11101, 11385	6
11101, 11385, 11421	1
11101, 11415	2
11101, 11430	1
11102	55
11102, 11103	8
11102, 11103, 11105	4
11102, 11103, 11105, 11370	1
11102, 11103, 11106	1
11102, 11105	38
11102, 11105, 11106	3
11102, 11105, 11215, 11238	1
11102, 11105, 11222	4
11102, 11105, 11354	1
11102, 11105, 11377	1
11102, 11106	16
11102, 11106, 11201	1
11102, 11106, 11222	1
11102, 11211, 11249	1
11102, 11222	4
11102, 11231	1
11102, 11251	1
11102, 11369	1
11102, 11372	1
11102, 11418	1
11103	26
11103, 11105	9
11103, 11105, 11106	2
11103, 11105, 11106, 11370	1
11103, 11105, 11370	1
11103, 11105, 11372, 11373	1
11103, 11106	21
11103, 11106, 11222	2
11103, 11106, 11370	1
11103, 11201	1
11103, 11206	1
11103, 11208	1
11103, 11220	1
11103, 11222	4
11103, 11249	1
11103, 11357	1
11103, 11368	2
11103, 11372, 11373, 11377	1
11103, 11373	2
11104	63
11104, 11106	4
11104, 11106, 11377	1
11104, 11201, 11217	1
11104, 11206, 11377	1
11104, 11211	1
11104, 11222	6
11104, 11222, 11377	2
11104, 11356, 11378	1
11104, 11372, 11377	1
11104, 11377	16
11104, 11377, 11378	1
11104, 11378	1
11104, 11378, 11379	1
11105	110
11105, 11106	16
11105, 11211, 11249	1
11105, 11215	1
11105, 11222	4
11105, 11222, 11370	2
11105, 11237	1
11105, 11238	1
11105, 11238, 11370, 11372	1
11105, 11357	1
11105, 11370	3
11105, 11370, 11372	1
11105, 11377	1
11106	687
11106, 11201	1
11106, 11206	1
11106, 11208, 11414	2
11106, 11218	1
11106, 11222	6
11106, 11231	1
11106, 11238	2
11106, 11357	4
11106, 11361	1
11106, 11370	1
11106, 11377	2
11106, 11377, 11378	1
11106, 11378	1
11106, 11385, 11418	1
11106, 11415	1
11106, 11423	1
11109	2
11109, 11201	1
11201	1039
11201, 11205	40
11201, 11205, 11206	2
11201, 11205, 11209, 11215, 11217, 11220, 11228, 11232	1
11201, 11205, 11211, 11217	1
11201, 11205, 11211, 11217, 11222	1
11201, 11205, 11211, 11222, 11249	1
11201, 11205, 11211, 11249	3
11201, 11205, 11215, 11217, 11222, 11231	2
11201, 11205, 11215, 11249, 11251	1
11201, 11205, 11216	1
11201, 11205, 11216, 11224	1
11201, 11205, 11217	28
11201, 11205, 11217, 11222	1
11201, 11205, 11217, 11231	1
11201, 11205, 11217, 11238	3
11201, 11205, 11222, 11249	1
11201, 11205, 11226	1
11201, 11205, 11226, 11249	1
11201, 11205, 11231, 11238	1
11201, 11205, 11238	3
11201, 11205, 11238, 11251	1
11201, 11205, 11249	1
11201, 11205, 11251	5
11201, 11206	5
11201, 11206, 11217	1
11201, 11206, 11221	1
11201, 11206, 11225	1
11201, 11208, 11414	1
11201, 11208, 11421	1
11201, 11209	1
11201, 11209, 11231	1
11201, 11210	1
11201, 11210, 11215, 11220	1
11201, 11211	6
11201, 11211, 11222	1
11201, 11211, 11222, 11226, 11249	1
11201, 11211, 11222, 11249	3
11201, 11211, 11224, 11235, 11237, 11385	1
11201, 11211, 11249	9
11201, 11213	2
11201, 11213, 11216, 11217	1
11201, 11214	1
11201, 11215	7
11201, 11215, 11217	1
11201, 11215, 11217, 11232	1
11201, 11215, 11225	1
11201, 11215, 11225, 11238	1
11201, 11215, 11231	3
11201, 11215, 11232	1
11201, 11215, 11238	1
11201, 11216	2
11201, 11216, 11231	1
11201, 11217	52
11201, 11217, 11218	1
11201, 11217, 11219, 11233	1
11201, 11217, 11221	1
11201, 11217, 11222	1
11201, 11217, 11224	1
11201, 11217, 11225	1
11201, 11217, 11231	15
11201, 11217, 11238	7
11201, 11217, 11241	1
11201, 11217, 11373, 11377	1
11201, 11217, 11432	1
11201, 11218	3
11201, 11218, 11226	2
11201, 11218, 11226, 11230	1
11201, 11220	2
11201, 11220, 11232	2
11201, 11221	1
11201, 11222	23
11201, 11222, 11231	1
11201, 11223	1
11201, 11225, 11238	1
11201, 11226	5
11201, 11230	1
11201, 11231	79
11201, 11231, 11237	1
11201, 11231, 11241	1
11201, 11231, 11385	1
11201, 11232	7
11201, 11233	1
11201, 11237	2
11201, 11237, 11385	1
11201, 11238	6
11201, 11241	21
11201, 11249	19
11201, 11251	22
11201, 11361	1
11201, 11367	1
11201, 11375, 11385, 11415, 11421	1
11201, 11385	1
11201, 11385, 11418	1
11201, 11427	1
11201, 11432	1
11203	76
11203, 11207	1
11203, 11210, 11226	5
11203, 11210, 11249	1
11203, 11215, 11218, 11232	1
11203, 11216, 11238	2
11203, 11218	1
11203, 11218, 11226	1
11203, 11223	1
11203, 11225	5
11203, 11226	1
11203, 11232	1
11203, 11238	1
11203, 11355, 11368	1
11203, 11692	1
11204	10
11204, 11218	2
11204, 11218, 11230	5
11204, 11223, 11230	2
11204, 11223, 11231	1
11204, 11230	2
11205	374
11205, 11206	20
11205, 11206, 11211	1
11205, 11206, 11216	1
11205, 11206, 11237	1
11205, 11206, 11238	2
11205, 11210	1
11205, 11211	4
11205, 11211, 11215, 11231	1
11205, 11211, 11217	1
11205, 11211, 11222	2
11205, 11211, 11222, 11249	1
11205, 11211, 11237	1
11205, 11211, 11238, 11249	1
11205, 11211, 11249	2
11205, 11213, 11215, 11251	1
11205, 11213, 11216, 11221, 11238	1
11205, 11213, 11216, 11225, 11233, 11238	1
11205, 11215	2
11205, 11215, 11217, 11231	1
11205, 11215, 11217, 11238	1
11205, 11215, 11231	1
11205, 11215, 11251	2
11205, 11216	4
11205, 11216, 11221	2
11205, 11216, 11238	1
11205, 11217	14
11205, 11217, 11225, 11238	1
11205, 11217, 11232, 11238	1
11205, 11217, 11238	2
11205, 11218	1
11205, 11221, 11232	1
11205, 11221, 11238	1
11205, 11222	11
11205, 11222, 11238	3
11205, 11225	1
11205, 11226	2
11205, 11231	1
11205, 11232, 11238	1
11205, 11237	2
11205, 11238	39
11205, 11238, 11249	2
11205, 11249	8
11205, 11251	16
11206	330
11206, 11207	1
11206, 11207, 11212, 11237	1
11206, 11207, 11221	3
11206, 11208, 11221	1
11206, 11211	31
11206, 11211, 11215	1
11206, 11211, 11221	1
11206, 11211, 11221, 11237	1
11206, 11211, 11222	10
11206, 11211, 11222, 11249	2
11206, 11211, 11237	1
11206, 11211, 11249	7
11206, 11211, 11417, 11420, 11430	1
11206, 11213, 11221, 11233	1
11206, 11215	1
11206, 11216	5
11206, 11216, 11221	2
11206, 11216, 11238	2
11206, 11217	1
11206, 11220	1
11206, 11221	23
11206, 11221, 11222	1
11206, 11221, 11233	1
11206, 11221, 11237	2
11206, 11222	12
11206, 11222, 11249	2
11206, 11222, 11378	1
11206, 11226, 11237	1
11206, 11231	3
11206, 11233	2
11206, 11237	8
11206, 11237, 11375, 11385, 11415, 11421	1
11206, 11237, 11378	1
11206, 11249	3
11206, 11367	1
11206, 11378	1
11206, 11385	1
11207	69
11207, 11208	5
11207, 11208, 11385	1
11207, 11211	1
11207, 11212	13
11207, 11212, 11213, 11233, 11385	1
11207, 11212, 11233	6
11207, 11212, 11237	1
11207, 11213, 11216	2
11207, 11219, 11232	1
11207, 11221	1
11207, 11221, 11223	1
11207, 11221, 11233	1
11207, 11221, 11237	1
11207, 11222	2
11207, 11225, 11233	1
11207, 11225, 11237	1
11207, 11231	1
11207, 11233	3
11207, 11237	4
11207, 11237, 11385	9
11207, 11239	2
11207, 11251	1
11208	18
11208, 11211, 11385	1
11208, 11221	1
11208, 11222	1
11208, 11222, 11421	1
11208, 11224	1
11208, 11230	1
11208, 11237, 11385	1
11208, 11378	1
11208, 11385	3
11208, 11385, 11414, 11418	1
11208, 11412, 11433	1
11208, 11414	9
11208, 11414, 11420	1
11208, 11415, 11418	1
11208, 11421	6
11208, 11435	1
11209	72
11209, 11210	2
11209, 11218	1
11209, 11218, 11220	1
11209, 11218, 11230	2
11209, 11219	2
11209, 11219, 11228	1
11209, 11220	19
11209, 11220, 11228	1
11209, 11220, 11232	3
11209, 11222, 11249	1
11209, 11223, 11230	1
11209, 11224	2
11209, 11226	2
11209, 11228	10
11209, 11230	2
11209, 11231	1
11209, 11232	1
11209, 11238	1
11209, 11249	1
11210	43
11210, 11213, 11225, 11233	1
11210, 11215	1
11210, 11218, 11230	1
11210, 11221	1
11210, 11222	1
11210, 11225	1
11210, 11225, 11226	1
11210, 11226	9
11210, 11226, 11230	1
11210, 11229	3
11210, 11230	14
11210, 11231	1
11210, 11234	1
11210, 11235	1
11210, 11237, 11385	1
11211	430
11211, 11215	3
11211, 11215, 11249	2
11211, 11216	2
11211, 11216, 11221	2
11211, 11216, 11222	1
11211, 11216, 11233	1
11211, 11216, 11238	1
11211, 11217	1
11211, 11217, 11221, 11222, 11238, 11249	1
11211, 11217, 11249	1
11211, 11218	1
11211, 11221	2
11211, 11221, 11222	1
11211, 11221, 11222, 11237, 11249	1
11211, 11222	112
11211, 11222, 11249	80
11211, 11222, 11251	1
11211, 11222, 11368	1
11211, 11222, 11373, 11378, 11379	1
11211, 11226, 11249	2
11211, 11231	1
11211, 11233	1
11211, 11233, 11249	1
11211, 11235	1
11211, 11237	10
11211, 11238	1
11211, 11238, 11249	1
11211, 11249	272
11211, 11249, 11251	1
11211, 11249, 11378	3
11211, 11249, 11385	1
11211, 11251	1
11211, 11356	1
11211, 11357	2
11211, 11372, 11373	1
11211, 11377	1
11211, 11378	1
11212	1
11212, 11233	4
11213	23
11213, 11215	1
11213, 11215, 11216	1
11213, 11216	15
11213, 11216, 11221	1
11213, 11216, 11225	1
11213, 11216, 11233, 11238	1
11213, 11217	1
11213, 11220	1
11213, 11221, 11238	1
11213, 11225	6
11213, 11226	1
11213, 11231	1
11213, 11233	4
11213, 11238	1
11213, 11249	1
11214	14
11214, 11216	1
11214, 11223	1
11214, 11223, 11224	1
11214, 11224	2
11214, 11224, 11230	1
11214, 11224, 11235	2
11214, 11228	3
11215	274
11215, 11217	39
11215, 11217, 11218	1
11215, 11217, 11225, 11238	1
11215, 11217, 11226, 11238	2
11215, 11217, 11231	17
11215, 11217, 11231, 11238	1
11215, 11217, 11232	1
11215, 11217, 11238	10
11215, 11217, 11249	1
11215, 11218	21
11215, 11218, 11220, 11232	1
11215, 11218, 11225, 11226	1
11215, 11218, 11226	3
11215, 11218, 11226, 11232	1
11215, 11218, 11226, 11238	1
11215, 11218, 11232	11
11215, 11220	2
11215, 11222	2
11215, 11222, 11231	1
11215, 11223, 11231	1
11215, 11224, 11231	1
11215, 11225	10
11215, 11225, 11226	7
11215, 11225, 11229, 11234, 11235, 11238	1
11215, 11225, 11238	4
11215, 11226	8
11215, 11226, 11230	1
11215, 11230	2
11215, 11231	34
11215, 11231, 11232	1
11215, 11232	20
11215, 11236	1
11215, 11237	1
11215, 11238	23
11215, 11373, 11374	1
11215, 11378	1
11216	139
11216, 11217	2
11216, 11221	11
11216, 11221, 11233	1
11216, 11222	3
11216, 11225	19
11216, 11225, 11238	9
11216, 11226, 11238	1
11216, 11231	1
11216, 11233	3
11216, 11237	1
11216, 11238	21
11216, 11238, 11251	1
11216, 11375	1
11216, 11417	1
11217	888
11217, 11218	3
11217, 11218, 11230	1
11217, 11218, 11232	1
11217, 11220	1
11217, 11221	2
11217, 11221, 11238	1
11217, 11222	7
11217, 11222, 11238	1
11217, 11224	2
11217, 11225	1
11217, 11225, 11238	3
11217, 11226	4
11217, 11226, 11238	1
11217, 11231	29
11217, 11231, 11238	2
11217, 11237	2
11217, 11237, 11238	1
11217, 11237, 11385	1
11217, 11238	29
11217, 11249	2
11217, 11251	2
11218	128
11218, 11220, 11232	1
11218, 11224	1
11218, 11224, 11226	1
11218, 11225	1
11218, 11226	53
11218, 11226, 11230	9
11218, 11226, 11234	1
11218, 11226, 11238	1
11218, 11230	1
11218, 11231	4
11218, 11232	1
11218, 11236	1
11218, 11237	1
11218, 11238	1
11218, 11356	1
11218, 11359, 11360	1
11219	15
11219, 11220	2
11219, 11228, 11230	1
11219, 11229	1
11220	64
11220, 11222, 11230, 11232	1
11220, 11224, 11232	1
11220, 11226, 11232	1
11220, 11228, 11232	1
11220, 11231	1
11220, 11231, 11232	5
11220, 11232	95
11220, 11249, 11385	1
11220, 11378	1
11221	70
11221, 11222	3
11221, 11231	1
11221, 11233	5
11221, 11237	8
11221, 11237, 11385	2
11221, 11238	1
11221, 11249	2
11221, 11375, 11385, 11415, 11421	1
11221, 11378	2
11221, 11385	3
11222	4077
11222, 11225	1
11222, 11230	2
11222, 11231	2
11222, 11231, 11232	1
11222, 11232	4
11222, 11233	1
11222, 11237	7
11222, 11237, 11385	2
11222, 11238	3
11222, 11249	80
11222, 11354, 11358	1
11222, 11357	2
11222, 11359, 11360	1
11222, 11361	1
11222, 11363	2
11222, 11367	3
11222, 11368	1
11222, 11372	1
11222, 11372, 11377	1
11222, 11373	2
11222, 11374, 11385	2
11222, 11375, 11385, 11415, 11421	1
11222, 11377	1
11222, 11378	9
11222, 11385	6
11222, 11417	1
11222, 11419	1
11222, 11421	2
11223	23
11223, 11224	4
11223, 11224, 11228	1
11223, 11229, 11234	1
11223, 11235	3
11224	72
11224, 11226	1
11224, 11229	1
11224, 11229, 11234	1
11224, 11231	1
11224, 11232	1
11224, 11235	18
11224, 11235, 11415	1
11224, 11249	1
11224, 11415	1
11224, 11692	2
11225	81
11225, 11226	3
11225, 11226, 11238	1
11225, 11232	1
11225, 11237, 11238	1
11225, 11238	32
11225, 11378	1
11225, 11694	1
11226	274
11226, 11229	1
11226, 11230	14
11226, 11230, 11232	1
11226, 11232	2
11226, 11233	1
11226, 11238	3
11226, 11249	1
11226, 11251	1
11226, 11694	1
11228	30
11228, 11235	1
11228, 11379	1
11229	24
11229, 11234	2
11229, 11235	1
11230	84
11230, 11234	1
11231	426
11231, 11232	2
11231, 11233	1
11231, 11238	1
11231, 11249	3
11231, 11251	2
11231, 11378	1
11232	138
11232, 11249	1
11232, 11378	1
11232, 11418	1
11233	34
11233, 11237	1
11233, 11237, 11385	1
11233, 11251	1
11234	44
11234, 11235	1
11234, 11236	2
11234, 11237, 11385, 11693, 11694	1
11234, 11249	1
11234, 11694	1
11235	50
11236	4
11237	319
11237, 11238	2
11237, 11249	4
11237, 11249, 11385	2
11237, 11354	1
11237, 11363, 11385	1
11237, 11375	1
11237, 11375, 11385	1
11237, 11375, 11385, 11415, 11421	1
11237, 11378, 11385	1
11237, 11379	1
11237, 11379, 11385	1
11237, 11385	253
11237, 11385, 11415	1
11237, 11385, 11415, 11435	1
11237, 11385, 11418	2
11237, 11385, 11421	1
11237, 11385, 11430, 11434	1
11237, 11432	1
11238	204
11238, 11249	6
11238, 11359, 11360	1
11249	481
11249, 11251	1
11249, 11375	1
11249, 11378	1
11249, 11385	1
11354	20
11354, 11355	3
11354, 11355, 11357, 11367, 11368	1
11354, 11355, 11367, 11368	1
11354, 11356	2
11354, 11356, 11357	1
11354, 11357	2
11354, 11358	2
11354, 11358, 11435	1
11354, 11359	1
11354, 11362	1
11354, 11374	1
11354, 11374, 11379	1
11354, 11375	1
11354, 11377	1
11354, 11430	1
11355	5
11355, 11365, 11366, 11367	1
11355, 11365, 11366, 11691, 11693	1
11355, 11368	3
11355, 11375, 11385, 11415, 11421	1
11356	17
11356, 11357	7
11356, 11373, 11377	1
11357	64
11357, 11358	2
11357, 11359	2
11357, 11359, 11360	2
11357, 11359, 11362	1
11357, 11360	2
11357, 11415	1
11358	10
11358, 11360, 11361	2
11358, 11361	2
11358, 11365	1
11358, 11416, 11417	1
11359	7
11359, 11360	10
11359, 11360, 11415	1
11359, 11361	2
11360	1
11360, 11361	9
11360, 11362, 11363	1
11360, 11363	5
11361	37
11361, 11363	4
11361, 11364	2
11361, 11364, 11427	2
11361, 11365	1
11361, 11367	1
11361, 11377, 11378	1
11361, 11427	1
11362	5
11362, 11363	7
11362, 11363, 11367	1
11362, 11363, 11368	1
11362, 11363, 11374, 11385	1
11362, 11363, 11426	1
11362, 11427	1
11363	103
11363, 11364	1
11363, 11364, 11423, 11427	1
11363, 11367	1
11363, 11692	1
11364	8
11364, 11365, 11366, 11423, 11427, 11432	1
11364, 11365, 11427	1
11364, 11423, 11427, 11432	1
11364, 11426	1
11364, 11427	7
11364, 11432	1
11365	2
11365, 11366	2
11365, 11367	1
11365, 11367, 11374	1
11365, 11375	1
11366	10
11366, 11423	1
11366, 11432	2
11367	40
11367, 11374, 11379	1
11367, 11374, 11385	1
11367, 11375, 11385, 11415, 11418, 11421	1
11367, 11435	1
11368	16
11368, 11369	1
11368, 11372	2
11368, 11372, 11377	1
11368, 11373	1
11368, 11374	1
11368, 11374, 11375	1
11368, 11375, 11385, 11415, 11421	1
11368, 11379, 11385	1
11369	23
11369, 11370	1
11370	4
11370, 11372	2
11370, 11377	2
11372	16
11372, 11373	7
11372, 11373, 11377	2
11372, 11377	6
11372, 11377, 11385	1
11372, 11385	1
11372, 11415	1
11373	15
11373, 11374	2
11373, 11374, 11377, 11385	1
11373, 11377	5
11373, 11377, 11385	1
11373, 11378	4
11374	4
11374, 11375	11
11374, 11375, 11379, 11385, 11415, 11418, 11421	1
11374, 11375, 11385	3
11374, 11378, 11379	1
11374, 11379	1
11374, 11379, 11385	3
11374, 11385	29
11374, 11385, 11415	1
11374, 11423, 11432	2
11375	52
11375, 11385	10
11375, 11385, 11415, 11418, 11421	13
11375, 11385, 11415, 11418, 11421, 11432	1
11375, 11385, 11415, 11421	9
11375, 11415	3
11375, 11415, 11418	1
11375, 11418	7
11375, 11433, 11435	1
11377	43
11377, 11378, 11421	1
11378	131
11378, 11379	1
11378, 11385	7
11378, 11385, 11418	1
11378, 11415	2
11378, 11415, 11418	1
11378, 11418, 11421	1
11379	30
11379, 11385	17
11385	231
11385, 11415	1
11385, 11415, 11418	4
11385, 11415, 11418, 11421	1
11385, 11418	14
11385, 11418, 11421	2
11385, 11421	2
11385, 11426	1
11385, 11432	1
11411	2
11411, 11433, 11434	1
11412	2
11412, 11419, 11433, 11435	3
11412, 11434	1
11413	5
11413, 11422	3
11414	2
11414, 11691	1
11414, 11693	1
11414, 11694	1
11415	95
11415, 11418	10
11415, 11432	2
11415, 11435	27
11416	2
11417	6
11417, 11418, 11421	1
11418	37
11418, 11419	3
11418, 11421	2
11419	11
11420	1
11421	9
11423	4
11423, 11432	1
11426	2
11426, 11427	1
11426, 11428	1
11427	3
11428	2
11430	1
11430, 11434	3
11430, 11436	2
11432	48
11432, 11433	4
11432, 11433, 11435	2
11432, 11435	4
11433	3
11433, 11435	4
11434	2
11434, 11436	1
11435	37
11436	3
11691	41
11691, 11692	3
11691, 11692, 11694	1
11691, 11693	2
11691, 11693, 11694	3
11691, 11694	3
11692	7
11692, 11693	2
11692, 11693, 11694	2
11692, 11694	1
11693	9
11693, 11694	4
11693, 11697	1
11694	28
11694, 11695	1
11694, 11695, 11697	1
11694, 11697	1
N/A	8
