zip
"LÏ¿½	3
0	37
0    0000	1
06830;	1
07601\	1
07940-10	2
1	419
1--19	1
100	9
100 4	2
1000	7
10000	2133
100000000	18
100001	9
100002	9
100003	7
100007	1
10001	37900
10001....	1
100010	9
100010000	2
100010016	3
100010035	2
100011	10
100011188	1
100011686	12
100011904	4
100012	9
100012062	4
100012115	18
100012125	1
100012382	6
100012499	2
100012601	1
100013	5
100013306	3
100013635	6
100013900	1
100014	2
100014010	2
100014103	7
100014105	3
100014146	5
100014191	4
100014423	4
100015006	5
100015012	5
100015404	3
100015926	1
100015992	3
100016	1
100016008	1
100016109	1
100016213	1
100016409	1
100016502	3
100016708	4
100017	18
100017701	1
100018	12
100019	13
10002	17026
100021	2
100021058	2
100021201	2
100021507	1
100021678	8
100022	4
100022245	6
100022802	2
100023	4
100023165	1
100023951	1
100024	3
100024417	2
100024431	4
100024900	1
100025	1
100025463	2
100025550	2
100026432	1
100026707	3
100027014	1
100027106	2
100027537	2
100028	9
10003	34868
100031205	1
100031211	1
100031239	6
100031402	44
100031479	2
100031503	28
100031604	1
100031752	1
100032138	2
100032139	2
100032178	2
100032537	2
100032893	1
100033303	5
100033386	3
100033451	2
100033502	7
100033598	3
100033635	25
100033922	2
100034	4
100034139	3
100034398	9
100034603	2
100034804	1
100035329	2
100036	28
100036151	2
100036811	11
100036907	3
100038	4
100038148	2
100038336	1
100038401	4
100039005	1
10004	9311
100041303	18
100041405	171
100041479	27
100041490	1
100041703	4
100041898	2
100041902	1
100042413	1
100042424	1
100042498	1
100042501	2
100042515	3
100042552	3
100044300	1
100047418	2
10005	6599
100051180	5
100051801	2
100052858	1
100053531	2
100053904	1
10006	6667
100061404	1
100061500	2
100061824	4
100061901	2
100062088	4
100062210	1
100063267	10
10007	34870
100071307	2
100071602	3
100072122	10
100072296	10
100072601	1
100072903	3
100072919	137
100072966	2
100073100	2
100073665	1
100073799	3
100075700	14
100076	1
10008	1022
100080133	1
100083392	2
100083445	4
10009	9985
100094507	2
100096008	1
100096102	3
100096412	5
100096912	2
10009N	10
1001	25
10010	20270
10010035	1
100101	1
100101710	2
100102007	3
10010212	1
100102906	1
100103601	1
100103603	1
100103690	1
100104298	2
100105224	6
100105509	1
100105901	1
100106033	3
100106124	4
100106212	5
100106801	1
100106902	1
100106990	1
100107812	2
100107999	5
100108	2
100108183	7
100108221	2
10011	28114
100110019	4
100110021	1
100111	3
100111253	2
100111908	6
100112	2
100112812	1
100113110	4
100114502	1
100114624	1
100114924	2
100115020	2
100115201	1
100115450	3
100115501	15
100115702	1
100115939	1
100116310	3
100116805	2
100117301	2
100117828	1
100117841	1
100118	1
100118388	2
100118601	8
100118602	4
100118701	2
100118838	1
100118856	2
100119	9
100119024	2
100119194	4
10012	27925
100121	3
100121019	4
100121133	1
10012126	3
100121293	1
100121451	1
10012212	2
100122124	2
100122317	8
100122504	1
100122927	1
100123154	2
100123255	1
100123305	6
100123351	1
100123840	2
100124406	2
100124408	2
100125319	6
100128	7
100129	1
10013	35438
100130	2
100130873	1
100130980	2
100131205	1
100131374	5
100131915	1
100132041	8
100132435	2
100132498	4
100132866	2
100132901	2
100132957	4
100133109	1
100133136	4
100133221	1
100133340	13
100133610	2
100134	2
100135119	1
100135559	2
100138	1
10014	18251
100140	1
100141001	16
100141004	1
100141023	1
100141405	3
100141558	2
100141859	3
100142042	6
100142202	2
100142565	11
100142575	19
100142619	8
100142621	4
100143233	3
100143272	6
100143401	1
100143736	1
100143841	1
100143926	2
100144010	1
100144143	1
100144502	1
100145002	5
100145102	5
100146124	2
100146205	3
100146907	4
100147	1
100147200	2
10015	525
100150035	1
10016	45977
100160003	1
100160006	1
100160200	1
100160615	2
100160958	1
100161001	3
100161101	27
100162	2
100162106	10
100162125	3
100162203	15
100162204	1
100162401	2
100162807	3
100162818	3
100162901	1
100163	2
100163700	4
100163903	3
100163912	6
100163998	8
100164859	11
100165	1
100165000	3
100165010	1
100165300	12
100165329	1
100165339	6
100166401	2
100166497	1
100166993	9
100167303	3
100168108	2
100168188	1
100168344	2
100168410	1
100168806	3
10017	69353
100170	1
100170000	2
100170003	1
100171	1
100171014	7
100171111	6
100171822	4
100171921	1
100172014	5
100172024	2
100172301	1
100172413	1
100172512	1
100172513	3
100172593	4
100172803	1
100172906	1
100172988	4
100173144	1
100173162	2
100173425	1
100173500	2
100173808	4
100173888	14
100173891	2
100173910	1
100174087	2
100174089	3
100174146	20
100174201	1
100174661	4
100174917	1
100175404	1
100175405	1
100175529	7
100175617	8
100175700	13
100175704	12
100175755	2
100175806	18
100176754	63
100176764	1
100176819	2
100177801	1
100177928	2
100178167	3
10018	28544
100181681	1
100182260	2
100182301	1
100182706	36
100182788	4
100183	2
100183045	3
100184502	1
100185258	1
100186229	3
100186523	1
100186556	6
100186701	1
100187566	1
100189	4
100189420	1
10019	57685
100190118	1
100191	3
100191001	2
100191104	19
100191105	1
100191118	1
100191183	3
100191423	4
100191442	2
100191457	1
100191506	6
100191562	9
100191599	2
100191903	1
100191972	2
100192925	5
100192938	2
100193	1
100193090	2
100193300	14
100193412	75
100193800	3
100194001	2
100194315	5
100194403	4
100194701	2
100194800	4
100195094	2
100195151	2
100195200	8
100195220	2
100195401	1
100195404	1
100195414	5
100195498	2
100195502	2
100195900	2
100196001	2
100196002	1
100196100	3
100196102	10
100196173	2
100196178	7
100198200	14
100198420	2
10019\	1
1002	20
10020	5418
100201006	14
100201095	1
100201132	3
100201579	5
100201701	2
100201903	12
10021	46231
100210	2
100210026	2
100210150	1
100210407	1
100210612	1
100210849	2
100211	1
100211020	12
100211164	2
100211903	2
10021212	1
100212419	2
100212712	1
100212740	2
100212760	3
100213	2
100213132	1
100213518	1
100214105	3
100214170	1
100214322	1
100214395	4
100214574	4
100214799	6
100214907	1
100214941	10
100214944	2
100215007	3
100215259	1
100215704	4
100216309	1
100216399	3
100216654	3
100217286	4
100217332	1
100218142	1
100218165	5
100218402	5
100219	9
10022	69839
100220002	1
100221	1
100221010	3
100221054	2
100221106	1
100221108	2
100221302	3
100221304	4
100221379	5
100221654	3
100221833	3
100221939	5
100222001	3
100222141	1
100222222	3
100222267	2
100222399	2
100222405	2
100222411	2
100222519	4
100222549	1
100222599	3
100222605	2
100222606	1
100222746	1
100222785	1
100222822	4
100223042	6
100223204	34
100223205	1
100223211	2
100224	4
100224112	1
100224147	8
100224209	10
100224212	2
100224213	8
100224303	3
100224405	1
100224501	3
100224608	1
100224834	1
100224986	8
100225	3
100225202	2
100225501	3
100226	2
100226000	1
100226113	4
100226222	1
100226903	5
100227513	1
100227661	30
100227819	2
100228011	4
100229501	2
10022LILI	3
10023	28344
100231736	1
100232200	1
100232301	1
100232901	6
100233235	2
100233344	1
100233703	2
100233801	2
100234005	1
100234458	4
100235503	2
100235882	2
100235915	1
100235928	2
100236583	1
100236585	2
100236728	2
100237035	4
100237088	1
100237204	8
100237402	1
100237703	6
10023\	3
10024	18046
100240219	2
100241326	1
100241513	4
100241732	1
100242219	2
100243	2
100243545	4
100243637	3
100243671	1
100244532	7
100244803	1
100245192	10
100245507	3
100245701	2
100245934	2
100246025	1
100246605	2
100246642	1
10025	11822
100251747	1
100252	2
100252180	2
100252759	3
100252956	6
100253	3
100253181	35
100253539	1
100253908	2
100254456	9
100255022	5
100255060	3
100255860	2
100257343	2
100259313	3
10026	2079
1002611	7
100262500	1
100262520	1
100262521	1
100262928	4
100264025	2
100264270	5
10027	10905
100272125	2
100273916	1
100274689	4
100274711	47
100275123	1
100275170	5
100275400	1
100275510	5
100275534	3
100275546	4
100276254	3
100276308	5
100276909	3
100277125	38
100277804	2
100278	2
10028	15996
100280007	4
100280016	2
100281031	3
100281061	4
100281068	3
100281901	1
100282167	1
100282951	6
100285701	1
100287	1
100287309	2
100287902	3
10029	6588
100292937	2
100293320	3
100293543	6
100293816	5
100294171	7
100294651	2
100296574	12
100296810	14
1003	28
10030	1775
100300602	1
100301331	1
100301656	1
100302105	1
100302606	5
100303418	3
100306	1
10031	2877
100311101	2
100314802	1
100315302	2
100316403	3
100316732	2
100317727	2
10032	4157
100321	1
100323784	3
100325037	2
100326585	1
10033	4264
100330595	11
100332050	2
100332069	2
100335015	1
10034	1749
1003417	1
100347132	1
10035	3505
100351536	1
100351571	3
100357858	2
100358	1
10036	37556
100360000	5
100361424	3
100361503	2
100361517	3
100361912	3
100362766	1
100363301	4
100363303	10
100364015	2
100364086	7
100364603	1
100364905	5
100365403	1
100366451	3
100366645	18
100366710	6
100366715	93
100367	2
100368499	2
100368517	4
100368701	2
100368960	29
10037	1049
100373704	5
100378	1
10038	83810
100381	1
100381003	23
100381027	3
100381514	10
100381715	4
100382125	1
100382697	2
100383427	3
100383706	1
100383901	6
100384000	1
100388	3
10038\	1
10039	899
100393302	6
1004	13
10040	1213
100401406	1
100401420	1
10041	927
10042	68
10043	351
10044	264
10045	28
100456	4
10046	12
10047	16
10048	297
100480682	1
10049	7
1005	2
10050	193
10051	42
10052	13
10053	10
10054	64
10055	87
10056	19
10057	21
10058	20
10059	8
1006	8
10060	12
100601	5
10061	14
10062	17
10063	39
10064	14
10065	6185
100652618	1
100654870	1
100655805	2
100655827	1
100655853	19
100656001	3
100656158	5
100656307	1
100656550	1
100656650	5
100656691	4
100657033	1
100657205	4
100657210	1
100657270	2
100657286	10
100657367	1
100657380	3
100657614	1
100657755	2
100658001	5
100658017	1
100658099	11
100658140	1
100658165	49
100658194	1
100658401	2
100659308	1
10066	48
10067	13
10068	21
10069	664
100690801	1
1007	11
10070	55
10071	17
10072	17
10073	14
10074	21
10075	1585
100750191	5
100750914	1
10076	18
10077	14
10078	50
10079	21
10080	58
10081	1284
100816500	1
10082	10
10083	12
10084	9
10085	1
10086	14
10087	10
10088	9
10089	4
1009	4
10090	1
10091	24
10092	3
10093	7
10094	19
10095	5
10096	17
10098	2
10099	2
100O7	1
101	12
10100	16
10101	135
101010653	6
101019	3
10102	25
101022	5
10103	1432
101030001	11
101030084	7
10104	887
101040044	15
101046178	15
10105	62
10106	1559
10107	757
101071612	1
101072312	2
101078	4
10108	39
10109	46
1011	9
10110	1188
101100002	2
101100397	2
101102402	3
10111	3820
10112	309
10113	106
101130940	10
101131540	2
10114	8
10115	272
101150028	2
101151940	2
101155	5
10116	160
101163030	1
10117	62
10118	1837
10119	3372
101190018	2
101190098	42
101190118	9
101190698	1
101191599	2
101193595	7
101194798	7
101199	3
1012	3
10120	268
10121	929
101210091	3
101211201	2
10122	417
10123	1691
10124	22
10125	95
10126	18
10127	23
10128	10980
101280000	1
101280020	4
101280603	2
101280607	2
101281237	15
101281243	1
101281248	5
101281331	3
101281599	5
101281733	1
101282508	1
101282567	4
101283705	7
101283711	1
101285037	3
101285515	2
101285703	2
101285800	7
101286024	4
101287062	1
101287803	1
10129	33
10130	1
10132	6
10133	1
10134	5
101353	1
10136	39
10138	9
10139	2
1014	1
10140	16
10141	8
10143	1
10145	31
10148	1
10149	1
10150	190
101501197	2
10151	1259
101510099	2
101511250	4
10152	529
101520110	2
101520192	1
10153	1393
10154	6276
101540004	6
101540101	2
10155	1852
101550002	4
101550035	2
101552123	3
101552798	1
101555	1
10156	177
10157	19
10158	120
101581899	4
10159	60
101591142	1
1016	4
10160	57
10161	6
10162	12
10163	175
101632284	8
10164	8
101645	2
10165	5443
101650006	4
101650015	1
101650150	4
101652108	3
101653003	5
10166	2411
101660396	2
10167	629
101670094	11
10168	706
101681694	5
10169	2103
101690019	1
101690095	5
101690124	2
1017	5
10170	5002
101700499	1
10171	1709
10172	1742
101720003	3
101720124	2
10173	554
10174	722
101740208	3
10175	1076
10176	411
101760001	3
101762799	1
101762901	3
10177	150
10178	922
10179	47
1018	1
10180	4
10181	4
10182	2
10183	3
10184	2
10185	45
101855456	2
10188	6
1019	3
10192	6
10199	56
10200	44
10201	44
10202	4
10203	4
10204	2
10205	20
10206	1
10207	12
10208	4
10209	3
1021	6
10210	16
10211	4
10212	1
10213	1
10214	9
10215	2
10216	2
10217	13
10218	38
10219	4
1022	7
10221	7
102210030	13
10222	23
10224	4
10227	8
10228	7
1023	1
10231	1
10233	11
10235	6
10236	6
10237	8
10238	1
10245	2
1025	3
10254	1
10255	2
10256	2
10257	1
10258	4
10260	44
102600023	10
102600060	6
10262	2
10265	12
10266	1
10267	2
10268	24
102681406	3
10269	2
1027	1
10270	392
10271	32
10272	11
10273	2
10274	87
10276	83
102761250	3
10278	2003
10279	423
10280	649
10281	1206
102811003	5
102811021	23
102811023	1
102811097	3
10282	510
10285	193
102854300	2
10286	342
10288	1
10289	1
10292	6
10296	1
10297	7
103	5
1030	1
10300	70
103005	2
10301	7659
103010	2
103010000	34
103010008	1
103010306	7
103011105	1
103012	2
103012654	3
103013057	1
10302	3169
103020000	14
10303	2537
103030000	22
103031	2
10304	11687
103040000	45
103042140	2
103042724	1
103043002	3
103043005	1
103043850	2
103044299	6
10305	15608
103050000	77
103051219	1
103052724	14
103053112	2
103054899	2
10306	15346
103060000	174
103061342	2
103061411	2
103061556	2
103061933	1
103064260	2
103065618	1
103067777	2
10307	5840
103070000	137
10308	5314
103080000	136
103081415	2
103082414	4
10309	14163
103090000	523
103090322	3
103091119	2
103091769	1
103091913	1
10310	5036
103100000	37
103101699	5
103102309	3
10311	22
103112	2
10312	21173
103120000	329
103121407	1
103122831	1
103125003	2
103126103	1
10313	560
103137613	32
10314	23713
103140000	270
103140023	6
103140028	2
103141412	1
103141695	3
103143023	4
103143309	2
103145036	4
103145612	1
103145803	3
10315	14
10316	9
10317	6
10318	16
10319	13
10320	3
10321	4
10322	7
10324	3
10328	1
10330	9
103305	11
10331	8
10332	2
10334	1
10335	1
10336	24
10338	6
10341	14
10342	4
10345	7
10346	3
10347	1
1035	4
10350	13
10352	4
10353	2
10354	10
10355	1
10356	5
10357	6
10358	4
103583058	2
10359	5
1036	1
10360	8
10361	6
10362	2
10363	2
10364	2
10365	11
10366	3
10367	5
10368	7
10369	2
10370	10
10375	7
10377	1
10378	10
10386	1
10394	1
10398	1
103999999	2
10400	138
10401	41
10402	2
10403	22
10404	11
10405	378
10406	15
10407	11
10408	7
10409	15
10410	4
10411	8
104112	2
10412	25
10413	2
10414	6
10415	5
10416	30
10417	5
10418	3
10419	11
10420	5
10421	8
10422	12
10423	5
10424	3
10425	13
10426	14
10427	13
10428	7
10429	1
10430	7
10431	7
10432	27
10433	8
10434	9
10435	9
10436	12
10437	83
10438	15
10439	2
10440	1
10441	4
10442	1
10443	4
10444	10
10445	9
10446	9
10447	5
10448	4
10450	270
10451	3175
104515153	5
10452	1986
104528	1
10453	2450
104532201	2
104535904	1
10454	3258
104541723	4
104542103	1
104543419	3
10455	2533
104551	3
104551722	2
10456	3288
104562	14
10457	5196
104570161	3
104572594	6
10457\	2
10458	5814
104583011	3
104583708	1
104585126	3
104585138	12
104585149	1
104585175	2
104586699	1
104586701	4
104587851	2
104588742	1
104589993	2
10459	2879
104593635	3
10460	3100
104602074	5
104606004	2
10461	10051
104612736	7
104612808	2
104614617	3
104615718	3
10461NY	6
10462	7086
104620387	1
104622	2
104624297	15
104624805	2
104625319	1
104626207	1
10463	6607
104633617	3
104633901	1
104635691	2
104639975	8
10464	1244
104641	2
104641231	1
104641342	1
104645	2
104646317	1
10465	6761
104651118	2
104651137	3
104651271	1
104651514	5
10466	5512
104665512	1
104665812	1
10467	6321
10467'	3
104672490	2
104674004	1
104675700	1
104677903	1
10468	2598
104682068	2
104683001	39
104683306	3
104684145	2
104685206	6
10469	5384
104694603	5
104695220	1
104695408	2
104695631	2
1047	2
10470	1622
104700273	3
104701054	1
104701322	1
104701422	2
104701820	4
104702201	2
10471	4359
104710268	1
104710370	3
104710403	4
104711046	1
104711093	2
104711200	2
104711225	25
104711233	3
104711501	1
104711716	1
104711807	2
104711910	1
104712043	1
104712108	1
104712999	4
10472	3229
104720034	2
104722305	1
104723103	2
104724415	2
10473	6831
104730070	9
104734299	1
104734914	2
10474	4143
104740034	1
104746805	2
10475	2882
104751	1
10476	50
10477	24
10478	35
104785	21
10479	114
10480	177
10481	4
10483	28
10486	1
10487	25
10489	6
1049	1
10490	2
10491	2
10492	1
10494	7
10495	9
10496	7
10497	14
10499	1
10500	3
10501	24
10502	169
105020625	2
10503	25
10504	165
10505	72
10506	100
10507	84
105071219	2
10508	22
10509	143
105090009	2
10510	272
105101414	3
10512	116
10514	141
10516	28
10518	2
10519	16
10520	121
10521	4
10522	194
10523	284
105232413	2
10524	28
10526	27
10527	11
10528	1030
105281635	2
105283138	3
10529	1
1053	4
10530	3554
105300722	3
10532	116
10533	76
10535	45
10536	92
105363800	1
10538	1216
105381626	1
105383048	1
105383058	16
105384221	1
10540	15
10541	170
10542	29
10543	685
105434207	1
10544	1
10545	30
105454	2
10546	8
10547	17
10548	7
10549	415
105490660	1
105492503	3
1055	1
10550	1429
105500	2
10551	6
10552	191
10553	154
105532	2
10554	1
10555	4
10556	12
10557	6
10558	4
10559	2
10560	70
10561	40
10562	267
105628	1
10563	12
10565	11
10566	45
10567	124
10568	8
10569	7
10570	179
10571	8
10572	6
10573	926
105732828	1
105733351	2
105734534	3
105734674	4
10575	19
10576	109
10577	281
105772554	2
10578	11
10579	27
10580	285
105801451	4
105801910	5
10581	17
10582	3
10583	2095
105832909	2
105833907	4
105837538	2
10584	1
10585	8
10586	9
10588	7
10589	43
10590	87
10591	437
10592	2
10593	15
10594	30
10595	74
10596	19
10597	5
10598	296
1060	2
10600	5
10601	880
106011911	11
10602	69
10603	350
10604	406
10605	1265
106053409	1
10606	607
106061933	2
10607	275
10608	18
10609	12
10610	2
106109991	4
10611	1
10612	3
10613	2
10615	96
10616	2
10619	1
1062	1
10621	1
10630	6
10636	1
10640	2
10641	7
10642	5
10643	5
10646	3
10647	1
10648	6
10649	3
1065	2
10650	1
10659	71
10660	4
10661	2
10683	1
10687	1
10688	1
10693	2
10700	10
10701	2182
107010000	1
10702	26
10703	256
10704	1467
107041855	3
10705	1000
107053343	2
10706	113
10707	466
107072216	2
10708	815
107082501	1
107087013	1
10709	471
10710	688
10711	1
10713	5
10717	2
10720	5
10725	3
10726	10
10734	1
10736	1
10740	18
10741	13
10742	10
10744	1
10745	4
10747	2
10749	2
1075	14
10753	9
10756	6
10758	1
10759	5
10760	3
10761	4
10763	2
10764	7
10768	2
10770	10
10771	4
10773	4
10774	1
10775	2
1078	2
10780	1
10801	3105
108013400	1
10802	27
10803	520
108038490	3
10804	453
10805	449
10806	8
10807	4
10808	1
10809	5
1081	4
10810	7
10811	2
10812	9
10816	1
10823	2
10825	21
10833	7
10835	16
10840	2
10842	6
10845	2
1085	31
10853	6
10860	3
10880	6
10888	2
10890	1
10894	2
10895	1
10900	13
109001	2
10901	345
10902	2
10903	1
10904	3
10905	3
10906	7
10907	1
10910	4
10911	1
10913	25
10914	9
10916	5
10917	7
10918	87
10919	12
10920	41
109202139	1
10921	86
10922	8
10923	11
10924	19
10925	26
10926	15
10930	10
10940	25
10941	21
10945	4
10947	10
10949	2
10950	201
10952	675
109520150	1
109520215	2
109522610	2
109523331	2
10953	4
10954	163
10955	1
10956	505
10957	2
10958	4
10959	8
10960	140
10961	3
10962	94
109622624	1
10964	81
10965	84
109651142	2
109651502	1
10967	1
10968	18
10970	60
10972	2
10974	7
10976	7
10977	234
10980	14
10982	32
10983	59
10984	12
10985	8
10987	15
10989	64
10990	42
10992	5
10993	21
10994	210
10III	4
11	16
11000	62
1100004	1
110001	3
11001	5054
110011	6
110011126	1
110011423	2
110011424	1
110011803	2
110012711	6
110013	1
110017	10
110018	2
11002	212
110021	1
110023	1
110025	4
110027	2
110028	2
11003	1366
110031	7
110034031	2
110036	5
11004	3989
110041155	1
110041210	2
110041230	2
110041445	2
110041529	2
110041620	18
110044	2
11005	270
11006	50
11007	13
11008	10
11009	13
1101	2
11010	582
11011	96
11012	75
110121247	1
11013	44
11014	18
11015	1
11016	79
11017	52
11018	52
11019	56
1102	3
11020	1228
110201	5
110201405	15
110201627	3
11021	11166
110211247	3
110211430	3
110212213	4
110212640	1
110213044	2
110213104	2
110213108	3
110213760	4
110214029	5
110214209	2
110214300	1
110215030	1
110215102	2
11022	548
11023	2350
110232016	3
110234128	1
11024	2484
110241416	2
110241503	1
110241905	5
110242003	12
11025	12
11026	22
11027	90
11028	61
11029	53
11030	3179
110301806	3
110302142	4
110302230	4
110303224	4
110303945	1
110304031	11
110307	11
11031	37
11032	28
11033	8
11034	10
11035	13
11036	45
11037	4
11038	175
11039	1
1104	3
11040	4375
110401550	1
110401708	1
110402	9
110402036	2
110408545	1
11041	3
11042	3549
110420020	10
110421011	1
110421032	4
110421081	1
110421085	15
110421205	1
110425031	1
11043	18
11044	13
110440	1
11045	7
110452	1
110455	4
11046	19
110463	3
11047	10
11049	1
1105	3
11050	1632
110500105	1
110502221	3
110503512	1
11051	35
11052	1
11053	18
11054	2
11055	11
11056	7
11057	6
11058	4
11059	5
1106	5
11060	2
11062	2
11063	9
11064	2
11065	7
11066	10
11069	2
11071	11
11072	5
11073	2
11074	2
11075	4
11076	1
11080	1
11081	6
11083	8
11086	2
1109	14
11090	2
11091	6
11092	8
11095	1
11096	247
11097	3
11098	2
111	7
1110	4
11100	36
111002	6
1110029	1
11101	68188
111010000	11
111011042	1
111011154	5
111011802	1
111011804	2
111012002	1
111012018	1
111012211	1
111012392	2
111013045	756
111013054	1
111013405	1
111014003	3
111014009	1
111014106	3
111014107	1
111014312	3
111014408	3
111014513	2
111014705	2
111014835	3
111014924	4
111015000	4
111015001	6
111015306	7
111015605	1
111015832	3
111016816	1
111017094	1
111017187	6
111018000	3
11102	6448
111020000	1
111021	3
111021128	1
111021139	1
111025021	2
11103	8958
111031112	3
111031123	1
111033331	2
111034545	2
11104	2328
111040632	1
111041220	2
111041502	2
111043305	1
11105	7501
111052014	3
111052017	2
111052107	2
111052710	1
111052899	3
111053101	2
111055516	4
11106	6685
111060000	8
111060172	7
111061011	2
111061206	1
111061801	2
111062531	2
111063405	1
111064035	1
111064528	4
111065107	4
111065121	3
11107	50
11108	18
11109	145
1111	11
11110	104
111102	1
111103	3
111104	2
11111	4004
111111	6
111111111	8
11112	40
1111221	2
11113	5
1111355	2
1111357	2
11114	23
1111427	4
11115	1
11116	6
11118	10
11119	2
11120	399
111200049	1
111201	15
111204	5
111208	4
111209	3
11121	49
111210	3
111211	2
111213	2
111215	2
111219	19
11122	72
111222	3
111228	6
11123	46
111230	3
11125	9
11127	1
11128	17
11129	10
11130	8
11131	6
11132	4
11133	6
11134	6
11135	23
111354	2
111357	1
11136	44
111360	3
111366	5
111367	3
11137	29
111373	1
111374	1
111375	3
111377	4
111378	3
111379	1
11138	11
11140	5
11141	6
111415	1
111417	1
111418	1
11142	18
11143	91
111432	2
111433	2
111434	2
111435	8
11145	5
11146	2
11148	4
11149	5
1115	11
11150	9
11151	3
11152	1
11154	58
11155	8
11157	18
11160	2
11161	2
11163	1
11164	1
11165	22
11167	1
11169	7
111691	5
11170	5
11172	2
11173	8
11174	2
11175	6
111756	1
11176	4
11177	10
11179	1
11181	2
11191	3
11192	1
11198	5
112	15
1120	3
11200	248
112000000	2
112009	4
112009000	2
11201	27406
112011	2
112011114	2
112011174	3
112011600	84
112011634	1
112011698	1
112011769	2
112011811	2
112012177	3
112012202	8
112012371	5
112012483	13
112013502	4
112013515	3
112013536	3
112014182	3
112014195	2
112014275	2
112014608	2
112015000	1
112015002	3
112015040	1
112015323	10
112015713	2
112015884	1
112016310	2
11201`	1
11202	441
112020674	1
112021	2
112022495	3
11203	5349
112034204	2
112035319	1
112035608	1
112036	1
11204	15066
112040000	1
112041112	4
112041122	1
112041154	1
112044749	4
11205	7860
112051108	9
112051120	2
112052413	4
112053307	2
112053704	5
112054034	5
112054530	1
11206	7465
112064508	1
11207	4793
112070000	6
112071905	1
112072413	1
112072617	2
112073516	3
112074909	2
112077013	3
112078417	1
11208	5090
112081701	1
112082009	3
112083026	1
112083914	2
112085413	3
11209	12622
112090000	17
112091925	2
112092401	2
112092807	4
112092844	1
112094220	3
112094308	1
112094504	5
112095804	1
112096208	3
112096604	4
112097009	1
112097507	1
112098307	2
1121	5
11210	8365
112100744	1
112100837	6
112102025	1
112102153	1
112103	2
112104	14
112104515	3
112104521	5
112105309	3
112105410	1
11211	28472
112110016	2
112110028	1
112110388	2
112111	41
112111704	3
112112	1
112112009	1
11211229	1
112112604	1
112113002	5
112113635	1
112116031	10
112117311	1
112117806	1
112118119	3
112118171	1
11212	3355
112120000	1
112123198	4
112127617	9
11213	4659
112131122	16
112131166	3
112135127	1
11214	10234
112140000	1
112141714	1
112143005	2
112145821	4
112145907	1
112147	2
112149	1
11215	16968
112150182	2
112150417	3
112150721	2
112151909	2
112152207	4
112152372	2
112155413	1
112155803	1
112156	1
112156007	2
112156010	3
112156018	3
112157126	2
112158427	2
11216	4978
112160000	1
112161702	1
112163401	2
112163517	5
11217	10024
112171121	3
112171204	1
112171659	1
112171999	2
112172017	4
112172018	1
112172208	3
112172418	3
112173116	2
112173208	1
112173303	3
112173606	6
112173616	3
11218	9349
112181207	3
112182135	1
112182417	2
112183005	1
112184917	2
112185708	6
11219	23250
112190000	2
112190008	3
112191408	2
112193011	5
112193420	1
112196023	4
112196309	1
112199	1
112199997	11
1122	1
11220	14625
112200	1
112201109	2
112201122	4
112202721	2
112203	1
112203611	2
112203821	2
112204903	2
112205009	2
112206	3
112207	3
112208008	1
11221	4638
112211	2
112211303	2
112211903	1
112212	1
112212404	2
112219	1
11222	14427
112220	5
112220000	3
112221	4
112221103	2
112221916	3
112222	9
112222307	2
112223	2
112223113	1
112225	3
112225827	1
112226	3
11223	15593
112230000	4
112231805	1
112232	1
112233	3
112235	12
112236	2
11224	2878
112241301	1
112241313	5
11225	3366
112251337	4
112253432	2
112254006	1
112258	4
11226	4747
112260000	3
112264505	13
112265696	6
112265961	2
11227	121
11228	8260
112280000	4
112280006	2
112280269	1
112281144	2
112282324	8
112282711	1
112282924	2
112283012	2
112283903	6
11229	11870
112290000	1
112290314	4
112290372	8
112291122	5
112291738	1
112292534	4
112293208	1
112293310	4
112294413	2
112295129	5
112296054	1
112298	5
1123	1
11230	14360
112300539	3
112300625	2
112301	1
112301113	4
112303300	1
112303865	3
112305402	1
112305590	2
112305958	1
11231	11525
112310000	2
112311213	1
112311828	6
112312846	3
112313502	2
112313703	2
112313719	2
112314012	10
112314624	1
112314712	4
112314784	4
112314822	3
112315257	1
112315917	2
11231P	3
11232	6442
112321	2
112322713	1
112323510	5
112326	46
11233	3271
112331305	3
112331775	3
112334	2
112335	1
11234	12396
112340000	8
11234212	9
112343605	1
112345	3
112346648	1
112346702	4
112346900	13
112346917	5
11235	14134
112350000	4
112351099	2
112352008	2
112352611	1
11236	5193
112363513	2
11236371	3
112365466	1
11237	5573
112371225	1
112372309	3
112375804	2
112375819	4
112375911	2
11238	7941
112381002	1
112383446	2
112384428	3
112385603	2
112386054	1
112387	2
112387772	1
11239	998
112392810	9
11240	47
112401313	1
11241	366
112411003	2
11242	664
112421108	2
11243	155
11244	9
11245	332
112450001	1
112450005	3
11246	20
11247	11
11248	17
11249	213
11250	8
11251	11
11252	7
11253	17
11254	35
11255	22
11256	10
11257	13
11258	5
11259	3
1126	2
11260	5
11261	13
11262	10
11263	6
11264	13
11265	53
11266	1
11267	4
11268	10
11269	13
1127	11
11270	20
11271	13
11272	24
11273	37
11274	25
11275	37
11276	3
11277	17
11278	23
11279	12
1128	22
11280	4
11281	5
11283	2
11284	11
11285	15
11286	7
11287	1
11288	39
11290	5
11291	25
11293	2
11294	4
11296	4
11298	5
11299	99
112O5	1
1130	2
11300	38
1130075	6
1130077	8
11301	20
11302	32
11303	26
11304	36
11305	27
11306	15
11307	7
11308	42
11309	11
11310	18
11311	19
11312	56
11313	41
11314	49
11315	33
11316	26
11317	40
11318	25
11319	7
11320	53
11321	55
11322	31
11323	35
11324	22
11325	57
11326	28
11327	30
11328	21
11329	10
11330	12
11331	4
11332	6
11333	5
11334	20
11335	84
113357	2
11336	38
113366	28
11337	50
11338	5
11339	9
11340	4
11341	15
11342	43
11343	38
11344	13
11345	316
11346	53
113468	1
11347	68
11348	16
11349	4
1135	19
11350	37
11351	71
113519331	2
113519991	1
11352	145
11353	74
11354	19784
113542201	1
113542328	10
113543	2
113543137	1
113543324	4
113544263	2
113545516	2
11355	14507
113551	2
113551109	2
113551310	3
113551509	4
113552458	2
113553518	2
113554113	1
113555	4
113555026	1
113555095	4
113555307	4
11356	5829
113561003	7
113561211	2
11356433	4
11357	15181
113570000	1
113571145	4
113572420	1
113573040	1
113573133	2
113573644	2
11358	10027
113581717	5
113582625	6
113582934	4
113583	2
113583131	1
113583305	2
113583710	2
113583904	1
113589	2
11359	57
1136	13
11360	4080
113601122	2
113601187	1
113601653	1
113602403	3
113604025	3
113604735	2
11361	11019
113610000	1
113610418	2
113611151	2
113611964	1
113612438	1
113612747	1
113613024	4
113613037	2
113613316	2
113613461	1
113613601	2
11362	6390
113621136	1
113621152	2
113621253	1
113621401	4
11363	4147
113631525	1
11364	8421
11364 286	1
113641411	6
113641629	10
113641632	1
113641912	3
113641926	1
113642045	1
113642136	1
113642431	7
113642618	1
113643241	3
113643538	2
113643637	3
11365	10316
113650185	4
113650456	2
113651705	3
113651834	2
113653205	2
113653540	1
11366	5210
113661274	1
113661303	9
113661408	1
113661703	2
113661713	3
113666	1
11367	7811
113671339	5
113671345	1
113671930	6
113673128	2
113676703	2
113678	1
11368	15431
113683924	2
113685017	30
113685107	96
11368SDSD	10
11369	3241
113691	9
113691414	1
113691835	2
113692208	3
1137	3
11370	3479
113701177	2
113701629	1
11371	105
113710019	1
113710473	2
11372	9274
113720061	2
113720069	2
113720072	5
113721534	2
113722905	3
113723	2
11373	13809
113731059	3
113731318	5
113731735	1
113733729	2
113734425	2
113734555	2
113735107	26
113737	16
11373\	3
11374	9583
113741027	2
113741828	1
113741964	3
113742036	1
113742929	1
113743317	300
113743453	4
113743454	9
113744764	1
113748069	3
113748093	9
11375	22233
113750000	1
113751048	1
113751244	1
113751408	1
113753200	2
113755320	1
113755839	2
113755934	3
113757052	2
113757182	7
113757200	23
113757201	1
11376	172
11377	12539
113772223	2
113772332	1
113772424	2
113772538	4
113772760	2
113776026	2
113776346	2
113776720	1
113777	2
113777202	1
113777408	2
11378	8932
113780000	4
1137811	2
113781207	1
113781404	1
113781616	3
113783460	2
113785	3
11379	5079
113791211	2
113792838	4
113792853	1
1138	2
11380	122
11381	6
11382	23
11383	3
11384	27
11385	11204
113851854	2
113853252	7
113855221	1
113855701	4
113856115	1
113857522	1
11386	94
11387	29
11388	41
11389	9
11390	1
11391	1
11392	5
11393	2
11394	4
11395	7
11396	7
11397	18
11398	11
11399	12
11400	6
11401	30
11402	56
11403	10
11404	24
11405	118
11406	7
11408	2
11409	9
11410	23
11411	1688
114110038	1
114110427	1
114111434	1
114112121	8
114117	3
11412	2556
114121	5
114121232	4
114122004	3
11413	3783
114131841	2
11414	5418
114143049	2
114143112	1
114143404	2
114143538	1
11415	7445
114151107	2
114152708	3
114158	1
11416	4052
114161233	3
11417	4453
114171404	1
114172101	2
11418	9614
114180065	1
114181321	3
114181751	3
114181914	8
114182426	2
11419	11454
114190906	3
114191018	2
114191112	1
114191218	5
114191717	1
114191904	1
114192117	4
114192349	1
1142	15
11420	7522
11420  19	2
114201429	2
114202319	3
114202514	1
114202819	1
114203510	1
11421	3138
114210456	2
114213	9
114217	22
11422	6969
114220000	1
114221030	3
114222557	3
11423	8465
114231043	1
114231301	2
114231919	3
114231970	2
114237	2
11424	104
11425	68
11426	6561
114260	6
114261825	1
114262114	1
114262419	1
114262612	4
11426\	1
11427	3472
114271019	2
114271416	4
114271816	2
114272198	5
114272413	2
114272513	2
114272718	3
11428	5937
114280563	1
114282017	4
11429	3028
114291733	2
114292435	1
11430	190
11431	139
114311368	4
11432	17150
114321442	2
114322132	1
114323042	3
114324634	1
114325215	4
114325613	1
114325825	2
114327	1
11433	2665
114331326	1
114331486	1
114332	5
114332102	2
114332634	1
114334022	2
114334112	1
114334137	2
11434	7010
114343704	2
114345	25
114347	3
11435	19218
114351224	1
114352557	1
114353103	2
114354503	3
114354718	1
114355302	1
114356361	1
11435718	1
11436	1980
114361426	14
11437	45
11438	43
11439	496
11440	1
11441	11
11442	54
11443	38
11444	12
11445	1
11446	8
11448	2
11449	2
11450	7
11451	7
11452	20
11453	27
11454	28
11455	10
11456	24
11457	30
11458	12
11459	3
11460	14
11461	17
11462	31
11463	22
11464	2
11465	60
11466	6
11467	16
11468	17
11469	10
11470	28
11471	10
114719	1
11472	31
11473	31
11474	35
11475	13
11476	5
11477	43
11478	6
11479	4
11480	12
11481	9
11482	4
11483	1
11485	22
11486	2
11489	2
11490	8
11491	6
11493	1
11494	9
11496	1
11497	2
11498	3
11500	5
11501	1364
115010111	5
115013122	8
115014402	11
11501O	3
11502	14
11503	1
11504	4
11505	9
11506	5
11507	893
115070000	2
115070094	8
115070139	2
115071503	1
11508	164
11509	514
115090271	8
115091406	3
11510	726
11511	4
11512	3
11513	4
11514	523
115141865	1
11515	5
11516	2299
115161120	2
115169000	5
11517	13
11518	187
11519	15
11520	430
115201205	1
11521	3
11522	9
11523	48
11524	3
11525	2
11526	2
11528	13
11529	3
11530	3102
115301673	4
115303150	2
115303219	3
11531	6
11532	6
11533	11
11534	30
11535	5
11536	19
11537	26
11538	16
11539	1
1154	19
11540	13
11541	12
11542	381
11543	29
11544	1
11545	1321
115453313	1
11546	7
11547	92
115470401	4
11548	242
115480382	10
115488	1
11549	7
11550	1005
115500000	3
11551	5
11552	555
115522122	4
11553	202
115533645	6
11554	597
115541551	1
115541702	1
11555	41
11556	83
115560001	12
115560112	2
115561425	1
11557	798
11558	79
11559	887
11560	219
11561	602
11562	28
11563	519
115630419	2
115632574	2
115634018	1
11564	26
11565	130
11566	919
115660102	4
115660112	2
11567	16
11568	773
115687	1
11569	15
11570	1783
115702710	1
11571	203
115710448	1
11572	452
11573	8
11574	3
11575	61
11576	1514
115761431	1
11577	1828
115770086	1
115771269	3
115772016	2
115772515	3
11578	4
11579	135
1158	1
11580	2766
115802526	1
11581	1627
11582	289
11583	23
11584	13
11585	2
11587	7
11588	37
11589	52
11590	1489
115900179	2
11591	20
11592	8
11593	3
11594	5
11595	2
11596	1033
11597	10
11598	1789
115980513	2
115982163	1
11599	3
1160	3
11601	18
11603	24
11604	4
11605	3
11608	2
11610	4
11611	2
11612	1
11613	2
11614	8
11615	2
11617	4
11618	3
11619	41
11620	4
11621	8
11627	1
11629	4
11630	11
11631	6
11632	7
11633	2
11634	6
11635	2
11636	10
11637	2
11638	2
11639	8
11640	1
11641	5
11642	1
11645	1
11647	3
11649	2
11650	3
11651	2
11653	3
11654	18
11656	5
11657	8
11658	2
11661	5
11663	1
11665	1
11667	1
11669	20
11671	15
11673	1
11674	1
11675	3
11677	2
11678	7
11679	2
11680	1
11682	5
11683	4
11685	1
11687	4
11690	25
116900417	2
11691	3569
116911703	1
116911929	1
116914813	1
116915305	4
11692	1880
116921054	2
11693	1163
11694	4195
116940000	4
116941009	3
116941018	2
116941228	3
116941628	2
11695	24
11696	139
11697	2690
11697BPCO	2
11698	12
11699	1
11701	142
117011197	2
11702	27
11703	37
11704	945
117042928	5
11705	9
11706	95
117060	1
11707	5
11709	126
11710	472
117104726	2
117109701	2
11711	1
11712	36
11713	31
11714	452
117143469	1
11715	6
11716	76
11717	162
117171336	1
117175587	2
11718	24
11719	13
11720	67
11721	60
11722	83
117229026	1
11724	56
11725	320
117250280	4
117256021	1
11726	21
11727	57
11728	2
11729	186
117290662	9
1173	1
11730	192
11731	366
11732	65
11733	38
11734	17
11735	715
117351512	2
117351577	3
11736	3
11737	10
11738	29
11739	8
11740	54
11741	32
117410000	1
11742	13
11743	580
117431042	4
11744	7
11745	16
11746	1047
117464922	1
11747	1802
117473851	4
117474003	4
11748	6
11749	102
1175	1
11750	92
11751	6
11752	181
11753	6892
117530115	2
117531006	5
117531657	2
117532000	1
117532803	3
117536	1
117538905	1
11753\	2
11754	31
11755	53
117552850	3
11756	141
11757	185
11758	362
117581548	1
1176	1
11760	4
11761	4
11762	111
11763	136
11764	80
11765	7
11766	25
11767	15
11768	218
11769	13
11770	4
11771	396
117711	3
11772	30
11773	108
11774	31
11775	3
11776	22
11777	37
11778	30
11779	230
11780	26
11781	3
11782	22
11783	142
11784	22
11785	6
11786	1
11787	443
11788	667
11790	14
11791	1690
117910327	5
11792	9
11793	241
117931042	3
11794	9
11795	54
11796	4
11797	357
11798	19
11799	5
11801	550
118013217	8
118013908	2
11802	26
11803	1296
118031604	4
118031658	2
118031731	13
118032807	1
118034020	1
11804	49
118040407	3
11805	3
11806	11
118066110	1
11808	3
11810	2
11813	3
11814	4
11815	2
11818	5
11821	17
11823	3
11824	3
11829	2
11835	2
11850	2
11851	3
11858	1
11860	1
11861	6
11865	1
11867	19
11870	1
11875	2
11876	16
11877	1
11878	6
11880	2
11888	1
11891	6
11892	6
11893	2
11894	2
11896	3
1190	6
11901	9
11903	6
11904	2
11907	133
11913	4
11918	3
11921	7
11929	2
11930	15
11932	11
11933	16
11934	15
11935	18
11937	58
11938	1
11939	7
11940	21
11941	4
11942	11
11944	6
11946	60
11947	11
11949	5
11950	21
11951	4
11952	18
11953	10
11954	6
11955	7
11956	1
11957	21
11958	36
119580453	1
11959	11
119591119	3
11960	26
11961	57
11962	5
11963	38
11964	12
11965	28
11967	9
11968	46
11969	22
11970	9
11971	44
11975	31
11976	6
11978	6
11979	1
11990	1
11991	3
11996	2
12000	1
1200016	1
12001	17
120012	1
12003	6
12009	1
1201	4
12010	1
12011	1
12012	2
12013	3
12016	1
12017	9
12019	6
12020	5
12031	1
12032	1
12034	2
12037	1
12042	3
1205	1
12054	102
120541398	4
120541938	1
12057	4
12058	3
12059	1
12060	2
12061	4
12065	6
12074	3
12083	1
12084	3
1209	1
12090	1
12091	1
12106	12
1211	1
12110	4
12111	8
12119	2
12121	5
121210	1
12123	3
12136	4
121416	3
12143	1
12144	12
12146	1
12151	1
12154	1
12158	2
12159	6
12161	2
12163	3
12167	1
12180	5
12184	10
12186	2
12187	4
12188	11
12190	1
12201	18
12203	9
12204	6
12205	7
12207	239
122072964	12
12208	13
12209	6
12210	4
12211	9
12213	2
12214	4
12215	3
12216	2
12217	14
12220	1
12222	22
12223	36
12224	2
12225	1
12226	4
12228	6
12229	6
1223	1
12231	1
12233	3
12234	3
12235	13
12236	2
12238	3
1224	3
12240	3
12242	52
12245	1
12250	17
1230	11
12302	1
12304	3
12305	3
12306	3
12307	7
12308	10
12309	1
12312	3
12319	6
12322	2
1234	2
12341	2
12342	3
12344	2
12345	50
12346	1
12353	6
1236	2
12364	1
12368	1
12374	1
12378	2
1238	2
12385	4
12401	23
12404	8
12409	2
12414	3
124142110	1
12422	1
12428	7
1243	2
12430	1
12431	3
12432	2
12435	1
12446	11
12448	7
12455	4
12456	1
12457	3
12461	8
12463	3
12464	4
12466	2
12468	2
12469	3
12471	2
12477	24
12484	5
12492	2
12495	2
12496	6
12497	3
12498	7
12502	5
12503	5
12508	3
12514	2
12518	13
12524	13
12525	2
12526	2
12528	15
12529	2
12531	2
12532	2
12533	15
12534	2
12537	3
1254	8
12540	6
12542	2
12545	8
12546	17
12548	1
12549	11
12550	67
12551	1
12553	4
12561	14
12563	9
12564	8
12566	14
12567	5
12569	9
1257	1
12570	9
12571	13
12572	33
12574	1
12578	4
1258	14
12580	5
12581	8
12582	3
12583	6
12586	2
125860677	2
12589	9
12590	56
12601	28
12603	22
12604	1
1262	45
1270	2
12701	6
12721	2
12736	1
12737	3
12748	2
12754	10
12759	2
12760	2
12764	1
12765	6
12771	3
12775	34
12776	2
12780	1
12785	1
12788	4
12789	1
1279	2
12790	58
12791	1
12803	5
12804	5
12809	1
12811	7
12816	3
12817	1
1282	5
12827	3
12835	2
12842	2
12845	3
1286	3
12865	2
12866	4
12890	3
12903	1
12926	19
12934	1
12936	2
12946	4
12953	2
13001	3
13002	4
13006	1
13007	3
1301	4
13010	7
13012	6
13014	12
1302	1
13021	4
13024	9
13026	1
13029	3
13035	11
13037	2
13045	10
13057	2
1306	5
13066	1
1307	2
13088	1
1309	1
13090	3
13104	8
13114	1
13118	2
1312	7
1314	4
13157	1
13160	1
13161	1
13179	5
13202	10
13203	6
132030000	4
13209	14
13244	1
13246	2
13255	5
133	1
13315	2
13323	1
13339	3
13344	2
13350	6
13355	6
13357	2
13363	3
13372	1
13375	2
13377	1
13401	4
13405	3
13410	1
13413	19
13440	5
13459	4
1346	2
13469	5
13502	3
13503	6
13517	3
13541	5
1356	6
1357	1
13570	3
1358	2
1360	5
13601	1
13637	3
1367	1
13677	3
13678	1
1373	3
13733	2
13753	3
13767	4
13777	1
13780	2
13783	7
1379	2
13808	2
13815	1
13820	2
13842	5
13844	1
1385	17
13850	5
13856	1
13865	2
13901	12
13902	2
13978	1
140017	1
14016	1
14020	7
14043	6
140463	2
14048	2
14052	6
14054	1
14063	2
14066	3
14067	2
14068	4
14069	10
14077	3
14086	2
14118	2
14119	3
1412	2
141211	5
14127	7
14141	7
14150	5
1416	4
1418	2
1420	2
14201	1
14202	10
14203	50
14209	3
14214	3
14215	5
14221	8
14224	3
14226	1
14240	1
14267	1
1432	1
1435	3
14355	1
14379	2
14411	3
14432	5
14468	1
14471	4
1452	6
14526	3
14534	35
14563	4
14564	1
14570	2
14580	4
14604	10
14607	2
14609	7
1461	4
14610	5
146103362	3
14616	3
14618	21
1462	1
1463	4
14654	1
1467	1
1472	1
1474	2
14810	1
14830	3
14845	5
14850	25
14851	3
14853	4
14865	1
14871	2
14872	2
14889	1
14902	1
14905	11
15098	1
15102	7
15108	18
15143	2
151439558	2
15213	9
15217	4
15219	29
15222	17
15225	5
15238	2
15241	2
1530	4
15301	6
15317	14
1537	3
15385	3
154	1
1543	4
15501	1
15555	5
15577	1
15584	2
1559	1
15598	5
1563	3
1570	2
15706	4
1581	10
15870	4
1603	1
1606	4
1608	3
1609	1
16148	9
16169	4
16237	2
16295	1
163	1
16303	3
16312	2
16318	5
16360	2
16365	1
16471	1
16474	2
16509	43
16704	1
16803	33
16991	3
17006	1
1701	36
17010	1
17010328	2
17011	96
17013	5
17016	4
17019328	3
1702	53
17022	1
17024	1
17033	2
17042	5
17058	1
17070	82
17101	20
17102	26
17103	2
17105	9
17112	1
17135	1
17195	4
17201	6
17257	2
1730	3
17324	4
1736	2
17365	5
17402	18
17405	12
174057036	3
1741	12
1742	3
17517	3
1752	3
17543	2
1760	7
17602	3
17605	2
17632	6
17642	2
17670	1
17707	1
17710	1
17712	1
1774	2
17740	2
17756	1
17768	1
17787	1
17792	8
17797	1
17814	1
17815	2
17837	1
1796	3
179761226	2
17980	3
1801	4
18013	2
18015	6
18016	1
18017	6
18018	22
1803	4
18036	3
18042	2
18044	3
18049	3
18051	12
18058	1
180720000	2
18077	1
1810	1
18101	4
18103	2
18104	2
18106	6
18107	1
18109	1
18201	5
18210	1
18236	8
18301	4
18322	3
18324	9
18325	1
18326	1
18328	5
18330	3
18335	3
18337	10
18343	8
18344	10
18347	4
18352	4
18360	15
18370	3
18372	2
18414	5
18415	2
18426	5
18428	16
18431	11
18443	3
18466	3
18504	3
18505	2
1851	2
18510	12
1852	4
18527	1
18543	3
18602	3
18610	1
1864	1
1866	2
18660	2
18704	6
18706	3
1872	1
1875	3
1879	3
1880	1
1881	1
18817	5
18840	8
18853	1
18854	1
1887	2
18901	1
18929	3
18938	9
18940	3
18947	2
18951	8
18953	1
18954	7
18960	1
189630522	1
18966	1
18977	4
19000	4
19001	2
19004	32
19006	23
19007	7
19008	1
19009	2
190096	1
19010	12
19014	2
19017	1
19020	11
19027	12
19035	5
19041	269
19042	1
19044	25
19046	31
19047	155
19050	7
19051	1
19053	19
19061	11
19063	34
19064	5
19067	59
1907	2
19072	12
19073	2
19085	16
19087	289
19090	2
19096	94
19098	1
19100	2
19101	1
19102	38
19103	227
191031699	1
191031895	7
191037598	2
19104	54
19106	15
19107	79
19109	3
19111	1
19114	4
19116	1
19118	3
19119	4
19120	3
19123	22
19124	8
19128	2
19129	2
19131	7
19132	251
19144	5
19148	1
1915	6
19151	3
19165	3
19166	1
191950001	1
192	2
19281	1
19305	69
19310	1
19312	33
19314	1
19317	1
19340	4
19348	3
19352	4
19355	17
19380	1
19381	3
19382	1
19395	2
19396	1
19399	3
19403	11
19406	75
19422	43
19428	43
19429	3
19437	6
19454	4
19457	2
19458	14
19460	5
19462	135
194621644	1
19463	2
19465	1
19466	1
19467	15
19471	1
19473	3
19482	27
19484	1
19496	1
1950	1
19501	7
19506	3
1951	7
19528	1
19529	2
19552	2
19565	11
19573	2
19577	3
19603	10
19610	103
19701	1
19709	2
19713	4
19801	24
19803	1
19805	10
19807	2
19808	7
1983	2
19894	1
19901	4
19904	12
19911	3
19912	5
19914	1
19918	11
19919	4
19921	6
19922	1
19923	37
19924	4
19925	1
19928	1
19929	1
19934	1
19936	2
19938	7
19951	1
199656001	2
19973	1
19991	2
19992	4
19995	2
1OO21	3
20	2
20001	26
20002	16
20003	2
20004	27
20005	45
20007	16
20008	1
20009	26
20010	1
20011	8
20012	28
20013	3
20015	6
20016	29
20017	4
20021	1
20022	3
20023	2
20024	19
20031	2
20033	2
20036	59
20037	3
20038	10
20040	2
20058	3
20115	3
20120	39
20128	2
20135	6
201427640	3
20151	2
20152	3
20154	1
20166	22
20170	4
20171	10
20174	2
20186	3
2019	5
20190	15
20191	17
201937289	1
20195	26
2021	188
20212	5
20215	2
20219118	2
20228	3
2024	3
2025	2
20255	1
2026	49
20260	29
2027	6
20304	3
20333	1
20335	5
2035	2
20410	72
20419	8
2043	13
20454	1
20460	1
20461	3
20462	2
20463	1
20472	2
20520	1
20533	5
20534	2
20577	2
20607	11
2062	35
20646	4
2067	2
20703	2
20706	5
20720	1
20746	2
20747	7
20766	2
20770	3
20772	2
20782	2
20785	2
20804	2
20814	79
20815	29
20816	20
20817	178
208171109	3
20841	8
20850	5
20852	43
208524041	12
20854	60
20855	9
20878	10
20886	5
20901	18
20903	1
20906	12
20910	24
20914	17
20917	1
20960	3
20962	1
20991	3
2100	1
21001	1
2101	1
2102	1
21029	1
2103	1
21030	2
21031	2
21040	4
21042	3
21043	2
21044	51
210443456	2
21050	5
2106	1
21062145	1
21076	14
2108	12
2109	308
211	2
2110	43
2111	13
21114	11
21115	2
21117	3
21121	2
21132	1
2114	4
21143	5
21153	5
2116	17
2117	8
2118	2
212  2436	2
212  8637	4
212 32568	1
21201	46
21202	2
21203	2
21204	30
21206	2
21207	2
21208	4
21209	8
21210	9
21212	5
212224409	3
212238580	1
21224	2
212247148	2
212263023	1
212267300	2
21230	4
212302982	4
212306755	1
212310390	1
21236	5
212387490	4
212390060	1
212431947	2
212434599	2
21244	6
212440519	6
212467880	1
212471395	1
212473628	3
212484893	1
212547147	2
212550500	1
212625599	1
212678994	1
212715633	2
212733100	2
212755440	1
212775301	4
212775305	4
212826760	1
212837490	3
21286	1
212864657	2
212865502	1
212865649	4
212868600	2
212868637	1
212929864	1
212966920	5
212978070	1
2131	1
2132	21
2136	1
2138	9
2139	2
2140	53
21401	22
21403	10
2142	1
2143	1
2146	2
2150	4
2154	4
21554	1
2158	7
2159	25
2160	2
21613	3
2162	1
2163	2
21635	23
2165	2
2166	1
2167	2
2168	11
2169	30
21701	3
21702	58
217020951	3
21703	5
21704	1
21719	3
2178	1
218	7
21801	1
2181	2
2184	4
21842	7
21875	3
21915	5
2194	1
2195	10
2199	11
22003	21
22012	42
2202	2
22021	2
22030	2
22031	4
22032	4
22037	179
22042	181
22060	8
22066	26
22090	20
2210	20
22101	15
221013803	3
22102	19
22107	1
22116	1
22117	9
22150	1
22151	16
22170	1
22180	2
22182	1
22186	2
22201	8
22202	13
22203	99
222031861	14
22205	10
22209	14
22222	1
222222	1
22304	3
22306	2
22311	1
22314	5
22317	2
22318	1
22320	1
22323	3
22332	2
22354	2
22360	1
22373	13
22405	4
22414	1
22502	1
22526	1
2254	2
22560	4
22581	3
22601	6
22646	18
22694	1
22747	1
22801	3
22902	5
22904	1
22911	3
22932	1
22936	3
22980	4
23	3
23011	1
2302	7
2306	3
23060	17
23072	1
23076	5
23103	1
23111	8
23178	7
23219	38
23228	1
23233	3
23234	3
2332	2
23320	19
23322	2
23324	11
2338	1
23450	1
23451	5
23452	47
23464	3
23510	11
2356	1
23607	9
23608	1
2365	2
2368	30
23693	11
2370	3
23704	1
23851	2
24012	44
24019	1
24061	1
24116	2
2420	6
2445	20
2451	39
2454	1
2458	31
2459	20
2461	56
2467	2
2468	3
2472	3
2478	23
2481	19
2485	1
2493	3
2494	1
2528	1
25505	2
25701	6
2575	8
25801	9
25901	1
2638	2
26505	2
265172321	1
2667	5
2703	5
27106	10
27217	1
27244	11
27249	1
27312	8
27410	1
27429	1
27511	6
27513	3
27514	2
27515	2
27516	4
27519	5
27529	1
27573	1
27613	3
27615	27
27707	4
2771	10
2779	6
27791906	4
2780	1
27804	18
27834	10
28021	2
2807	4
2810	10
2812	2
2817	1
28173	1
2818	174
28208	4
28209	7
28212	1
28217	1
28226	5
28255	1
28260	3
28262	1
28270	2
28273	2
28277	12
28301	1
28314	2
28374	5
28379	1
2840	97
28433	2
28443	1
28461	1
28555	1
28590	2
2860	1
2865	12
28656	3
28659	44
28665	3
28690	1
28697	7
28722	3
28734	1
2875	1
28782	1
28787	1
28805	1
28806	2
2886	42
289	6
2895	185
2898	6
29020	3
2903	2
2905	108
2906	2
29073	3
2909	3
29108	3
2919	1
2920	16
29202	2
29204	1
29206032	1
29223	3
29302	57
29303	22
29306	19
29334	2
29405	2
29451	4
29485	1
29487	2
29488	1
29501	6
29566	1
29601	3
29602	4
29621	1
29676	1
29715	2
29716	6
29802	1
29815	1
2985	1
29909	3
29910	1
29926	1
29928	12
3	2
30005	26
30013	3
30022	3
30030	3
30038	2
30041	4
30060	1
30062	7
30064	3
30067	27
30084	4
30087	5
30088	5
30093	24
30106	2
3010600	2
30144	23
30202	3
30239	1
30253	4
30260	1
30296	2
303	1
30303	14
30305	58
30309	4
303097706	15
30312	1
30318	4
30319	4
30320	1
30324	2
30326	20
30327	6
30328	15
30330	11
30331	8
30333	2
30337	4
30338	3
30339	199
303394024	1
30342	23
30346	7
30348	1
30350	4
30360	1
30379	2
3042	3
30427	1
30508	3
3053	7
307	3
3079	92
30901	1
30905	1
3101	3
31044	1
31204	2
31320	3
313786871	1
31401	12
31412	12
31708	1
31803	1
31904	24
31906	9
319061623	1
31908	7
32028	3
32069	1
32080	7
32082	1
32084	9
32114	5
32117	5
32118	12
32119	3
32127	1
32128	4
32137	2
32164	1
32176	3
32202	17
32203	4
32206	1
32216	5
3222	1
32223	2
3223	1
32256	1
32257	5
32276	2
32312	2
32436	1
32562	9
32566	1
32641	1
32659	1
32665	4
32681	7
32691	1
32701	4
32703	6
32707	3
32708	4
32709	2
32714	6
327141291	1
32721	19
327210127	23
32724	15
32726	2
32744	3
32750	1
3276	4
32762	4
32779	10
32789	4
32792	11
32801	7
32803	2
32806	3
32809	10
32817	1
32819	87
32825	8
32828	5
32830	1
32835	32
32836	19
32837	1
32839	9
32903	1
32909	7
32937	9
32940	1
32958	2
32963	3
32966	3
33000	2
33004	1
33008	6
330080427	1
33009	29
33016	1
33019	23
33020	7
33021	31
33023	5
33025	3
33026	2
33027	7
33028	1
33029	2
33036	3
33037	5
330394024	2
33040	5
33050	38
33060	2
33062	13
33063	5
33064	60
33065	6
33066	10
33067	49
33069	5
330691319	3
33071	35
33073	3
33075	4
33076	2
33082	4
33096	2
33106	3
33109	3
33113	3
33125	5
33126	1
33130	2
33131	49
33133	19
33134	33
33137	2
33138	9
33139	8
33140	50
331402586	1
33141	14
33143	23
33145	7
33146	6
33147	4
33149	27
33154	30
33155	5
33156	7
33157	20
33158	4
33160	55
33162	17
33165	2
33166	9
33169	9
33173	1
33175	3
33176	1
33178	22
33179	22
33180	19
33182	15
33185	3
33187	1
33301	7
33304	16
33305	2
33308	15
33309	3
33311	7
33312	19
33313	1
33314	11
33315	3
33316	2
33317	2
33319	61
33320	2
33321	20
33322	27
33323	2
33324	2
33326	1
33327	1
33330	17
33332	16
33333	1
33338	8
33351	1
3339	1
33401	28
33404	7
33408	10
33409	3
33410	51
33411	9
33412	15
33414	15
33415	1
33418	22
33420	1
33425	1
33426	3
33428	8
33429	1
33431	8
33432	32
33433	32
33434	34
33435	5
33436	32
33437	40
33441	20
33442	13
33444	2
33445	20
33446	26
33449	2
33452	6
33458	25
33463	2
33467	25
33469	14
33474	3
33477	18
33480	83
334800887	3
33481	7
33483	16
33484	31
33487	90
334873105	7
33496	35
33498	25
33505	5
33549	2
33558	2
33568	2
33578	2
33595	2
335967812	2
33602	14
33605	11
33606	3
33610	4
33613	1
33618	5
33629	4
33634	11
33637	5
33647	7
33702	1
33703	1
33705	3
33706	7
33707	15
33708	2
33709	2
33710	14
33714	2
33715	10
33736	2
3375	2
33755	2
33760	1
33763	1
33764	1
33767	2
33770	2
33837	4
33904	2
33905	2
33914	17
339145958	2
33919	18
33923	1
33924	7
3393	1
33932	1
33935	6
33936	6
33940	5
33952	1
33955	23
33957	1
33962	1
33999	1
34102	6
341027004	25
34108	3
34109	2
34110	6
34112	1
34135	3
34145	10
341456655	2
34201	18
34204	1
34205	6
34209	1
34210	2
34217	6
34228	11
34231	3
34232	16
34234	3
34236	15
34237	2
34239	2
34242	4
34243	5
34287	1
3431	33
34322	1
34373	3
34442	9
34461	1
34465	6
34470	4
34473	1
34482	6
34599	1
34606	3
34607	3
34608	3
34609	6
34620	1
34630	4
34643	2
34652	8
34653	2
34667	1
34668	3
34669	3
34677	1
34684	6
34689	8
34694	1
34698	1
34711	4
34744	2
34746	2
34761	2
34772	1
34786	8
34787	1
34794	1
34952	5
34953	2
34957	2
34983	1
34984	2
34990	5
34994	119
34996	1
35020	2
35126	2
35211	2
35242	8
3540	1
357	3
35803	8
36	1
3602	7
3608	5
361	6
36104	2
36111	1
36344	9
37037	1
37202	1
37203	2
37212	20
37215	1
37217	1
37230	1
3734	2
377	1
37777	1
378	6
37819	1
379	1
37918	25
3801	15
38103	99
38116	2
38117	27
38119	3
38123	2
38125	12
381257713	2
38132	3
38133	1
38137	1
381941841	1
3820	12
38339	1
3842	16
38434	1
3862	2
3885	1
3895	1
3948	1
39759	1
40021	1
40023	2
40035	1
4006	1
4011	2
401761500	2
40202	51
40208	1
40213	37
40214	1
40223	1
40232	24
4074	2
4094	3
41000	1
4101	1
4105	9
41155	1
413	1
41429	1
41565	1
42117	1
4214124	1
42164	7
42252	2
42301	3
42303	1
42429	1
43016	2
43017	22
43054	2
43068	4
43083	2
43125	1
43205	2
43206	58
43207	2
43209	12
43212	2
43215	151
43216	17
432161498	2
43218	1
43219	2
432215	4
432244550	4
43230	127
43231	4
43235	2
43240	33
432402050	4
43275	1
43538	9
44022	1
44060	12
44087	10
44113	3
44114	9
44118	2
44121	7
44122	23
44124	167
44130	23
441308011	1
44131	2
44132	4
44139	5
44141	3
44142	1
44143	5
44215	1
44223	1
44281	1
44310	2
44357	2
44444	1
44512	1
44568	1
44583	4
4496	1
45	5
450040	2
45014	1
45040	2
45177	1
45201	18
45202	305
45227	1
452429580	2
4531	1
45702	77
45911	1
46011	3
46203	8
46207	1
46214	4
46256	6
46268	31
46322	2
4642	7
46503	2
46516	9
46614	1
47201	4
4752	2
4769	10
47901	3
48009	2
48013	2
48034	2
48072	1
4808	1
48084	25
48098	6
48103	12
48104	26
48105	7
48106	14
48108	2
48126	16
48150	2
481672751	3
48188	2
48202	2
48227	2
48230	2
48234	3
48236	1
48237	3
48265	8
48302	1
48326	2
48334	1
48342	3
4843	5
48502	5
48818	4
48842	1
48911	8
49103	2
49508	6
49512	10
5	1
50265	1
50266	2
50309	1
50328	4
50392	14
50557	2
5091	1
5105	2
51116	2
5149	1
5155	1
516362455	1
516477312	1
516481854	1
516589300	2
516739693	1
516768018	1
516806004	1
516884621	1
5223	3
52499	14
5251	1
5254	1
5255	4
52556	21
5257	17
53051	41
53074	1
53151	1
53191	5
53202	21
53211	2
53217	2
53224	2
5340	1
5346	2
5352	2
53551	3
535624039	8
53711	9
53716	3
5408	1
54150	3
5423	1
5473	5
54956	7
55012	32
55043	2
55116	3
55121	1
55305	7
55343	2
55344	6
55347	1
55401	4
55402	5
55403	85
55405	4
55408	2
55415	1
55423	1
55435	4
55440	4
55444	1
55445	1
55555	15
5602	8
56479660	3
5658	2
5672	2
5673	2
5674	6
5751	4
57631	1
58125	1
5818	4
58601	5
59715	1
6	2
60	5
6001	11
60010	5
60015	326
60018	1
6002	1
60022	3
60025	8
60028	7
60035	112
60045	46
60047	2
60051	3
60056	1
6006	5
60064	4
60069	4
60070	4
60077	16
6008	2
60089	2
60098	1
6010	9
60125	6
60126	7
6013	9
60154	2
60173	2
60176	1
60179	42
6018	6
60191	4
60192	1
60195	1
60201	1
6023	1
60255	2
60305	1
6033	109
6037	3
6040	1
60430	1
6051	2
6052	10
60521	76
60523	44
6053	1
60532	8
60538	1
60540	2
6055	4
60555	64
60563	5
60566	2
60601	115
606012886	1
60602	6
60603	30
60606	455
606060521	2
60607	11
60608	1
60610	18
60611	76
60612	1
60614	13
606142616	2
60615	5
60618	7
60622	3
60631	7
606313512	8
60640	7
60645	1
60646	2
60654	5
60657	12
60659	5
60661	8
6067	37
6068	10
60680	88
60684	6
6069	4
60690	2
6071	1
60714	1
6074	15
6079	2
6082	4
6085	3
6088	1
6092	2
6095	5
6096	8
6098	5
61000	15
61002	1
6103	126
61033604	6
6105	37
6106	5
6108	6
6109	4
6110	6
6111	3
61111	6
61114	3
6114	4
6115	1
6117	20
6118	42
61201	1
6134	4
6137	7
6140054	2
6152	6
6154	3
6156	1
61710	8
617100001	3
61771	1
61820	2
61821	1
6183	5
62110	1
6239	6
6268	5
628	1
6281	7
630054481	1
63011	5
63101	7
63102	2
63104	5
63105	12
631243395	3
63131	2
63141	1
63146	6
63178	1
63215	6
6325	8
6333	3
63366	3
63368	3
6339	3
6357	2
6360	4
6371	6
6379	2
6380	4
6386	2
6405	2
6409	19
6410	15
6411	1
64111	1
64131	2
64152	8
6418	5
6419	24
6426	8
6430	126
6432	12
6443	7
6447	1
6450	1
6457	3
646	1
6460	11
6464803	2
6468	6
6470	1
6473	2
6477	11
6482	9
6484	2
6488	4
6489	2
6490	2
64901074	2
6497	5
6502	6
6510	2
6511	97
6512	1
6516	8
6520	1
65202	13
65203	2
65205	54
65208297	2
6524	2
6525	37
65251717	1
6570	21
65813	4
6602	3
6604	14
6605	5
6606	4
6607	22
6610	9
66100	2
6611	21
6612	8
6615	1
66202	2
66204	3
66207	4
66209	1
66210	4
66211	6
66213	4
66251	1
66601	13
6680	3
6701	1
6708	1
67201	2
67226	17
6728	2
67302	4
6752	3
6754	2
6756	7
6759	2
6762	2
67759	1
6777	2
678	4
6783	2
6784	25
6790	9
6793	7
67932	3
6794	1
6801	4
68010	15
6804	24
6807	35
6810	18
6811	15
6812	6
6813	8
68131966	3
68154	8
6820	33
68205041	37
6824	92
68241746	1
6825	15
683	1
6830	448
6831	88
6832	1
6836	22
6839	2
6840	131
6850	11
6851	16
6852	26
6853	9
6854	34
6855	10
6856	63
68565620	12
68640	1
6867	1
6870	118
68702222	1
6877	49
6878	38
6880	163
6881	6
6883	11
6890	40
6890203	1
6894	1
6896	8
6897	121
6901	39
6902	82
69021010	1
6903	80
69035152	9
6904	26
6905	111
6906	10
6907	5
6927	1
6961	4
69631	1
700	3
7000	3
70005	2
70008	1
7001	11
7002	631
70023909	1
70025006	1
7003	25
7004	51
7005	50
7006	82
7007	2
7008	146
7009	27
7010	109
7011	68
70113	13
70119	1
7012	70
70124	3
7013	19
70130	2
7014	42
70141069	4
70141553	1
7015	4
7016	128
7017	19
7018	1
702	18
7020	76
70204	1
7021	22
7022	45
7023	4
7024	1378
70244988	7
70247547	2
7026	7
7027	7
7028	2
7029	15
7030	246
7031	18
7032	40
7033	4
7034	3
7035	10
7036	167
70360000	2
7037	2
7039	274
70391	1
70398234	1
7040	10
7041	61
7042	63
7043	13
7044	13
7045	19
7046	4
7047	454
7050	18
7051	1
7052	200
70520000	21
7054	1473
70542722	5
7055	53
7056	2
7057	15
70571851	2
7058	48
7059	38
70592722	1
7060	73
70608	3
7061	20
70611	2
7062	4
7063	7
70632	1
7064	7
7065	16
7066	14
7067	11
7068	233
7069	18
7070	68
7071	107
7072	1036
7073	49
7074	13
7075	5
7076	286
70762700	7
7077	4
7078	345
7079	18
70790000	1
7080	382
7081	147
7082	27
7083	61
7084	2
7085	1
7086	27
70866927	1
7087	62
7088	20
7090	27
70905	1
7091	4
7092	5
7093	423
7094	318
7095	805
70950915	5
70950961	3
7096	42
7099	1
71001	2
7101	5
7102	1274
71020395	1
71023024	7
71023184	2
7103	2
7104	16
7105	169
71054709	2
7107	24
7108	32
7109	23
7110	40
7111	445
71110545	2
71111	1
7112	5
71121	4
7114	39
712	3
7120	3
7130	4
713772654	1
7152	1
718  9633	4
7182	2
718234274	1
718260350	2
718266363	1
718266618	2
718270260	10
718280550	3
718327800	1
718337111	1
718371681	1
718386761	2
718391043	3
718391064	5
718392435	1
718402693	3
718409122	1
718421101	2
718437362	1
718461079	4
718464632	6
718465757	1
718478105	1
718479500	1
718499031	2
718527600	3
718590800	1
718620942	1
718622695	2
718631738	2
718655817	4
718666563	1
718705900	3
718727220	3
718737146	2
718764612	2
718783387	2
718805183	2
718834935	1
718840383	5
718895817	1
718899830	5
718937474	1
718943599	2
718965823	2
718998210	3
718999999	1
7190	3
7201	35
7202	4
7203	18
7204	18
7205	134
7206	22
7207	1
7208	91
7209	2
7210	3
72201	1
72202	2
72207	9
7224	1
72564	1
72758	2
7285	3
7301	2
7302	561
73023118	1
73024699	6
7303	3
7304	72
7305	18
7306	153
7307	16
7309	1
7310	899
73101616	10
73101680	9
7311	6
73118	9
73231	2
7362	1
7363	2
7401	27
7402	4
7403	1
7404	2
7405	20
7406	3
7407	23
74070397	2
7410	114
74117	4
7412	25
74133	3
74135	13
74153	6
7416	5
7417	29
7419	14
7420	1
7421	5
7423	6
7424	38
7427	1
7428	2
7430	74
7432	9
7435	23
7436	36
7440	3
7442	5
7444	5
7446	22
7450	37
7451	2
7452	34
74521433	1
7454	5
7456	10
7457	3
7458	116
746	2
7462	1
7463	17
7465	1
7466	4
7470	175
7471	11
7472	2
7474	22
7480	4
7481	15
7484	2
7492	4
7495	1
75001	6
750010000	1
75007	15
75008	3
7501	7
750115032	1
75019	3
75023	9
75024	67
750244099	1
75029	4
7503	64
75034	6
75038	1
75039	3
7504	1
7505	4
75051	1
7506	7
75062	46
75063	6
75067	4
75069	5
75074	12
7508	5
75080	1
75087	5
7509	2
7511	12
7512	213
7514	5
75201	61
752012506	1
75204	3
75205	5
75207	10
75214	8
752141933	2
75219	12
75221	2
75231	48
75237	1
75240	11
75251	4
75266	2
75270	15
75301	5
75321	1
75380	1
7540	2
7549	1
7550	1
7553	1
7555	7
7562	3
7566	11
7572	3
7576	4
760	1
7600	3
76006	4
76008	2
7601	130
76013	1
76017	1
7602	6
7603	7
7604	45
76043050	1
7605	65
76051	21
7606	49
7607	21
7608	87
7610	1
76102	5
76114	2
76180	2
76185	11
762	3
7620	107
76200533	2
7621	51
7622	1
76226	8
7624	147
7625	9
76255305	1
7626	122
7627	41
7628	46
7630	61
76300302	4
7631	485
7632	1167
76320984	2
7635	2
7637	2
7640	33
7641	12
7642	55
7643	52
7644	38
7645	287
7646	25
7647	44
7648	99
7649	52
7650	55
7652	1015
76520910	5
7653	65
7654	5
7656	32
76560713	2
7657	108
7658	1
7660	26
7661	69
7662	46
7663	112
7666	488
76666	7
7668	1
7670	260
7675	191
7676	25
7677	24
7681	17
7682	1
7683	1
7684	2
7688	1
769	3
7700	1
77001	3
77002	77
770024415	1
77005	18
77006	1
77007	2
77008	2
7701	44
77010	8
77019	26
7702	24
77024	5
77027	15
7704	7
77040	2
77056	2
77057	8
77060	4
77067	50
77076	1
77079	7
77081	3
77092	34
7710	4
7711	54
7712	33
7718	17
7719	106
7720	6
7721	3
77210	9
77219	4
7722	59
7723	57
7724	206
7725	4
77251	2
7726	199
77260000	22
7727	11
7728	325
77280000	2
77286924	2
7730	44
7731	40
7732	2
7733	517
77330000	13
77332530	4
7735	3
7736	10
77375	3
7738	11
77381	2
7739	9
7740	29
77401	2
7746	152
77460000	5
77462121	3
7747	125
77470000	3
7748	46
7750	6
77501007	1
77505	27
7751	177
77519525	1
7753	17
7755	70
7757	1
7760	13
77600000	3
7762	17
7764	24
77702	1
7771	2
7772	2
77733	10
7779	3
7781	2
7782	2
7795	2
7801	16
7802	1
78028	1
7803	2
7804	3
78205	2
78209	4
7821	1
78216	25
78229	4
7823	15
7824	1
78249	1
7825	2
78265	1
7827	12
7828	9
78297	4
7830	4
78310	1
7832	1
7833	2
7834	3
7836	4
7840	4
7843	1
78471	5
7849	5
7851	9
78520	1
78526209	2
7853	24
78530000	3
78537	9
7856	1
7857	8
7860	74
78633	1
7866	27
78664	5
7869	20
787	3
78701	10
7871	80
78730	10
78739	18
78746	1
7876	2
7901	37
7902	39
7905	4
7906	4
7920	30
79202	1
7921	28
7922	19
7923	2
7924	7
7927	6
7928	5
793	3
7930	1
7931	7
7932	250
7933	2
7936	19
7937	1
7938	2
7940	13
7944	2
7945	74
7946	2
7948	16
7949	1
7950	11
7960	166
79602	1
7961	1
7962	10
79621935	13
7970	28
7974	69
7977	2
7980	22
7981	5
79901	1
8000	1
80014	4
8002	7
80021	1
8003	11
80031905	2
80033	1
8008	5
8009	2
80104	1
80110	4
80111	39
80112	99
80129	24
8016	3
80202	20
80204	18
80205	7
80206	15
80215	2
8022	24
80220	4
80222	3
80237	12
80265	2
80302	12
80305	1
80314	1
8034	99
80345400	2
80401	3
804014086	1
8043	36
8046	2
8048	1
80498	2
8050	13
80502890	1
805037167	2
80516	1
8053	70
8054	319
8055	2
8057	13
8058	1
8060	2
8065	24
8066	1
807	1
8070	1
80723	2
8075	5
8077	3
8080	54
8081	4
8087	7
8090	2
80903	18
8092	2
80920	3
8094	2
8096	10
8101	1
8102	1
81435	6
81602	4
81611	34
81623	1
81632	1
81658	1
8210	2
8232	1
8234	4
8251	2
83012	3
8302	5
8310	4
83278	2
8330	8
8332	2
83340	4
8360	2
84003	3
8406	4
84060	2
84092	4
84098	3
84102	4
84103	1
84111	10
84121	49
84150	96
841502201	7
84151	8
84158	20
84159	1
84180	11
84705	2
84741	3
84771	2
85004	100
850041120	1
85009	1
8501	2
85011	3
85016	120
85020	1
85021	1
85032	4
85036	1
85038	22
8504	1
85043	1
85044	6
85050	1
8508	4
85086	3
8510	6
8512	40
8514	1
8520	19
85223	1
85253	7
85254	11
85255	11
85258	4
85260	7
85261	7
8527	48
85279574	3
8528	1
85283	3
8530	7
85327	19
8533	2
85331	2
8534	9
85340	3
8535	7
8536	17
85375	5
85377	2
8540	85
8542	112
8543	9
8550	197
85502420	3
85503528	1
8551	2
8552	3
8553	18
8554	6
8558	62
8559	2
8561	9
85611	1
85701	2
85713	1
85716	4
85718	5
85737	1
85748	2
8577	3
8609	4
8610	7
8619	8
8648	11
8652	3
86520910	11
8690	2
8701	249
87013333	1
87048	3
87073	3
87109	1
87112	55
87114	1
87122	2
8723	18
8724	19
8730	2
8731	231
8735	1
8736	22
8738	15
87401	1
8742	9
8750	13
87501	1
87505	2
87506	5
8753	19
8755	16
87550856	1
8757	6
8759	19
8773	1
8784	1
8800	1
8801	5
8802	10
8805	2
8807	75
88076817	5
881	1
8810	12
8812	13
8813	1
8816	95
8817	412
8818	194
8820	163
88200000	3
88201806	1
8822	16
8823	2
8824	21
8827	1
8828	2
8830	38
8831	240
8832	9
8833	15
8836	7
8837	108
88372844	2
8840	51
8844	29
8850	9
8852	4
8853	62
88533605	3
8854	88
8855	4
8857	52
8858	8
8859	12
8861	21
8863	7
8865	1
8869	5
8872	18
8873	41
8875	28
88755850	16
8876	34
8879	18
8880	1
8882	66
88821098	1
8884	15
8886	2
8888	3
88888	1
8889	14
8901	9
89014	3
8902	182
8904	10
89052	4
89074	2
89103	17
891030128	2
89108	4
89109	9
89117	9
89120	11
891203751	5
89121	2
89134	1
89135	1
89145	8
89147	8
89183	3
89509	2
8960	2
89704	3
89912	2
89917	2
900	1
90008	2
90010	9
90013	1
90014	4
90016	1
90017	45
90020	1
90021	7
90024	33
90025	57
900257536	6
90027	2
90028	6
90034	2
90035	5
90036	2
90039	1
9004	2
90040	23
900403308	1
90042	4
90045	17
90046	47
90048	5
90049	4
90058	13
90064	27
90065	7
90066	3
90067	74
900674114	2
90068	1
90069	11
90071	111
90077	7
90121	1
90202	3
90209	12
90210	49
90211	16
90212	51
902123480	4
90222	5
90232	24
90237	4
90245	35
90247	4
90249	6
90250	1
90254	6
90265	4
90266	13
90272	9
90275	3
90277	1
90291	3
90292	1
90293	1
90302	1
90401	507
904012386	1
90402	49
90403	12
90404	8
90405	14
90407	8
90420	1
90425	1
90505	3
9054	1
90620	4
90630	1
90701	1
90703	13
9079	3
9080	2
90802	5
90803	5
90806	9
90812	7
908539800	3
9093	2
91001	4
91024	1
91030	3
91040	1
91101	14
91107	5
911160305	1
91201	167
912019999	2
91203	3
91207	2
91214	1
91221	4
9124	4
91302	3
91304	5
91307	1
91309	1
91316	2
91352	1
91356	10
91377	4
91403	38
91405	6
91406	5
91421	3
91423	10
91436	3
914725590	3
914771555	3
914935129	2
91505	2
91521	9
915216768	1
91522	3
91604	11
91605	1
91606	2
91608	14
91706	85
91710	1
91740	1
91748	1
91754	2
917570089	2
9176	5
91765	3
917831309	2
91789	9
91801	2
91935	1
91978	4
92009	55
92020	16
92024	10
92025	10
92029	6
92037	14
92046	1
920460069	1
92067	5
92069	2
92075	23
92083	1
92101	5
92107	1
92110	13
92116	1
92118	2
92121	1
92122	15
92128	7
922253	1
92227	2
92253	16
92373	4
92392	5
92603	2
92606	2
92612	3
92614	14
92618	1
92630	3
92648	2
92651	16
92653	2
92656	4
92660	7
92663	1
92677	3
92691	1
92705	23
92707	1
92714	15
9277	4
92807	6
92880	1
92887	2
93003	5
93023	3
93045	1
93063	3
93065	3
93066	1
93067	4
93101	1
93105	2
93110	2
93401	4
93605	3
93607	1
93637	6
93638	1
93730	1
93940	2
94005	3
94010	4
94015	2
94022	3
94024	1
94025	5
94027	7
94062	1
94065	4
94103	7
94104	9
94105	6
94107	6
94108	26
94109	10
94110	4
94111	7
94115	2
94117	13
94118	4
94119	4
94121	3
94122	2
94123	6
94124	1
94129	2
94131	2
94132	14
94133	6
94138	8
94149	1
94301	3
94306	4
94309	1
94313	1
94401	4
94402	2
94403	7
94530	2
94538	23
94559	1
94563	1
94583	9
94596	4
94598	2
94608	27
94611	1
94612	13
94702	14
94704	3
94707	1
94801	1
948041440	1
94920	1
94947	1
94970	3
95010	2
95014	5
95030	1
95070	1
95120	2
95148	7
95402	1
95405	1
95472	3
95540	4
95604	2
95616	2
95691	2
95928	9
96040	2
96114	2
96146	2
96161	3
96740	6
96745	2
96825	3
96826	2
97209	1
97210	2
97302	1
97403	1
9742	2
97755	7
97759	13
979	3
98004	24
98005	13
98006	2
98009	6
98011	2
98019	1
98027	34
98033	18
98035	1
98052	8
98101	29
98102	1
98103	1
98109	24
98111	1
98112	2
98121	1
98161	11
98382	1
98466	2
9851	1
98707	1
9909	3
99999	448
999999999	38
BÏ¿½\ZZZZZ\	1
`10027	1
Ï¿½	1
