phone
(999)9999999	1
000-000-0000	1
12125048281	1
13474021793	1
13475295598	1
13478232907	1
13479227488	1
16462193001	1
17182287092	1
18667506278	1
19173988189	1
19177085510	1
201-221-8266	1
201-357-5120	1
201-413-5220	1
201-420-1140	1
201-624-7600	1
201-655-8905	1
201-763-6666	1
201-798-1228	1
201-816-8424	1
201-837-1976	1
2012217825	1
2012218740	1
2012218892	1
2012222704	1
2012223491	1
2012227883	1
2012270770	1
2012437036	1
2012504193	1
2012618767	1
2012623802	2
2012910495	1
2012918614	1
2012977866	1
2013040834	1
2013085585	1
2013089101	1
2013130809	1
2013276101	1
2013326192	1
2013386260	1
2013424955	1
2013431248	1
2013437242	1
2013463926	1
2013574224	1
2013578727	1
2013861318	1
2014085801	1
2014330558	1
2014381798	1
2014389595	1
2014402254	1
2014491570	1
2014533251	1
2014571507	1
2014599023	1
2014607224	1
2014753501	1
2014824712	1
2014871775	1
2014878052	1
2014883316	1
2014885588	1
2014887135	2
2014892039	1
2015268350	1
2015294476	1
2015295596	1
2015419128	1
2015467781	1
2015496235	1
2015498759	1
2015522937	1
2015561189	1
2015676393	1
2015917907	1
2015917974	1
2015941291	1
2016045464	1
2016121230	1
2016216888	1
2016341138	1
2016364088	1
2016455285	1
2016487892	1
2016520002	1
2016531531	1
2016707783	1
2016781860	1
2016839222	1
2016929151	1
2016990180	1
2017279112	1
2017549755	1
2017585792	1
2017671301	1
2017682548	1
2017829100	1
2017840855	1
2017914533	1
2017923320	1
2017940804	1
2017946064	1
2017982148	1
2018029808	1
2018049449	1
2018168424	1
2018169605	1
2018202904	1
2018259240	1
2018366789	1
2018376756	1
2018400544	1
2018487026	1
2018547217	1
2018661816	1
2018676961	1
2018686629	1
2018688241	1
2018697530	1
2018805675	1
2018867134	1
2018878737	1
2018912683	1
2019151994	1
2019184120	1
2019336261	1
2019337533	1
2019347332	1
2019413759	1
2019438172	1
2019459079	1
2019617333	1
2019742429	1
2019772569	1
2019867444	1
2019911664	1
2019961105	1
2019977080	1
2019977871	1
2019978886	1
202-299-1014	1
2022442997	1
2022936201	1
2023186272	1
2023188996	1
2024782600	1
2025267508	1
2025364525	1
2026098830	1
2026104471	1
2028388238	1
2028705123	1
2028951503	1
203-323-7021	1
203-826-9361	1
203-944-0817	1
2032007085	1
2032268376	1
2032349154	1
2032550004	1
2032761432	1
2032964689	1
2033674552	1
2033729672	1
2033770633	1
2033869507	1
2033933648	1
2034618744	1
2035476035	1
2037241088	1
2037244158	1
2037905888	1
2037912451	1
2038239872	1
2038389934	1
2038427025	1
2039096362	1
2039679960	1
206-203-4073	1
2062033640	1
2063504937	1
2074331027	1
2082841081	1
2083199744	1
2084455379	1
2084759792	1
2107107595	1
212-202-3846	1
212-206-1538	1
212-214-0903	1
212-234-2400	1
212-257-1744	1
212-274-0781	1
212-308-9114	1
212-320-0516	1
212-378-1202	1
212-385-1860	1
212-401-4069	1
212-412-2900	1
212-473-9708	1
212-487-3273	1
212-491-9911	1
212-533-7883	1
212-534-2851	1
212-553-2019	1
212-555-5555	1
212-566-2443	1
212-594-2665	1
212-608-2901	1
212-625-3286	1
212-675-1758	1
212-675-1782	1
212-675-7703	1
212-691-7088	1
212-724-6535	1
212-750-5704	1
212-764-0213	1
212-785-0700	1
212-785-8018	1
212-822-1402	1
212-843-8620	1
212-898-0458	1
212-924-7847	1
212-933-1285	1
212-947-0811	1
212-954-5532	1
212-956-8063	1
212-964-0495	1
212-967-1868	1
2122020767	1
2122024332	1
2122024428	1
2122024818	1
2122024839	1
2122025125	1
2122025252	1
2122026261	1
2122026405	1
2122027506	1
2122037519	1
2122060919	1
2122060920	1
2122066261	1
2122066754	1
2122066987	1
2122067337	1
2122068661	1
2122068666	1
2122068877	2
2122069293	1
2122069329	1
2122082525	1
2122083053	1
2122084301	1
2122084435	1
2122084618	1
2122091195	1
2122131152	1
2122140524	1
2122140769	1
2122140814	1
2122190084	1
2122190660	1
2122201906	1
2122220449	1
2122222606	1
2122223842	1
2122225887	1
2122227966	1
2122228262	1
2122228860	1
2122231927	1
2122261536	1
2122261633	1
2122262272	1
2122264496	1
2122265199	1
2122265654	1
2122266041	1
2122266654	1
2122268267	1
2122268456	2
2122269248	1
2122269571	1
2122281555	1
2122288750	1
2122291828	1
2122292482	1
2122318121	1
2122320070	1
2122322021	1
2122331466	1
2122332727	1
2122332772	1
2122335757	1
2122342226	1
2122342327	1
2122345290	1
2122350434	1
2122390372	1
2122393121	1
2122394008	1
2122399707	1
2122420518	1
2122421171	1
2122422522	1
2122422988	1
2122423399	1
2122424156	1
2122424450	1
2122428274	1
2122433362	1
2122437605	1
2122441424	1
2122441938	1
2122444673	1
2122447597	1
2122449030	1
2122449481	1
2122451984	1
2122461362	1
2122465477	1
2122472258	1
2122472565	1
2122472665	1
2122491242	1
2122521110	1
2122527364	1
2122532840	1
2122534144	1
2122534165	1
2122542712	1
2122546614	1
2122552988	1
2122554931	1
2122556716	1
2122557163	1
2122560988	1
2122561831	1
2122576441	1
2122582115	1
2122602794	1
2122603852	1
2122609397	1
2122627024	1
2122650131	1
2122651441	1
2122658637	1
2122670622	1
2122676850	1
2122680977	1
2122681611	1
2122682732	1
2122684470	1
2122685565	1
2122687497	1
2122689464	2
2122690399	1
2122692049	1
2122695623	1
2122697866	1
2122730778	1
2122733798	1
2122741953	1
2122749520	1
2122792186	1
2122796688	1
2122798051	1
2122811742	1
2122812244	1
2122813498	2
2122815005	1
2122815757	1
2122817136	1
2122834654	1
2122835017	1
2122847684	1
2122850205	1
2122850642	1
2122860324	1
2122868522	2
2122885783	1
2122896111	1
2122901425	1
2122902855	1
2122930395	2
2122935122	1
2122970226	1
2123006010	1
2123022090	1
2123027890	1
2123028722	1
2123029012	1
2123029413	1
2123040999	1
2123044509	1
2123049650	1
2123060191	1
2123087342	1
2123089602	1
2123163921	1
2123166998	1
2123191841	1
2123281713	1
2123307516	1
2123340093	1
2123346822	1
2123373570	1
2123378038	1
2123379644	1
2123379974	1
2123389030	1
2123430838	1
2123432940	1
2123433301	1
2123438767	1
2123441605	1
2123444114	1
2123444243	1
2123461116	1
2123484188	1
2123484469	1
2123491921	1
2123498433	1
2123528242	1
2123537492	1
2123543649	1
2123546626	1
2123548521	1
2123552273	1
2123555345	1
2123616169	1
2123624130	1
2123625017	1
2123626008	1
2123636188	1
2123660577	1
2123660762	1
2123664312	1
2123667143	1
2123669278	1
2123680474	1
2123681765	1
2123684237	1
2123684507	1
2123684903	1
2123692763	1
2123700692	1
2123701736	1
2123711324	1
2123720821	1
2123751503	1
2123806300	1
2123821686	1
2123823304	1
2123858101	1
2123859160	1
2123859321	1
2123908161	1
2123914231	1
2123977307	1
2123982858	1
2123983152	1
2123983768	1
2123986905	1
2124051895	1
2124061799	1
2124062375	1
2124062402	1
2124093474	1
2124100236	1
2124105851	1
2124129002	1
2124142753	1
2124143011	1
2124143125	1
2124190536	1
2124191146	1
2124231041	1
2124265678	1
2124286724	1
2124306372	1
2124306550	1
2124310091	1
2124318450	1
2124318775	1
2124322846	1
2124451237	1
2124507301	1
2124610601	1
2124612223	1
2124612263	1
2124624164	1
2124624788	1
2124638395	1
2124652226	1
2124653185	1
2124709338	1
2124730445	1
2124751635	1
2124752274	1
2124772610	1
2124777980	1
2124797872	1
2124803421	1
2124810414	1
2124818743	1
2124892283	1
2124900777	1
2124909611	1
2124917910	1
2124969649	1
2125000040	1
2125000898	1
2125000973	1
2125001495	1
2125003580	1
2125020560	1
2125043184	2
2125048180	1
2125048311	1
2125052241	1
2125090607	1
2125107409	1
2125131055	1
2125146872	1
2125147531	1
2125172158	1
2125175555	1
2125208407	1
2125287355	1
2125292308	1
2125320704	1
2125322188	1
2125327479	1
2125327779	1
2125328433	1
2125337370	1
2125345755	1
2125348025	1
2125373884	1
2125375857	1
2125415584	1
2125466230	1
2125469094	1
2125511001	1
2125570282	1
2125578163	1
2125579348	1
2125630401	1
2125632552	2
2125634538	1
2125644374	1
2125646742	1
2125646793	1
2125647661	1
2125648651	1
2125648824	1
2125649068	1
2125649336	1
2125649458	1
2125665611	2
2125666368	1
2125675167	1
2125686102	1
2125691065	1
2125711655	1
2125743306	1
2125743344	1
2125748003	1
2125751999	2
2125776409	1
2125797633	1
2125813979	1
2125822534	1
2125823768	1
2125831441	1
2125844771	1
2125849957	1
2125878491	1
2125906171	1
2125906173	1
2125906185	1
2125916154	1
2125916240	1
2125916604	1
2125942611	1
2125942868	1
2125943780	1
2125946231	1
2125946714	1
2125947668	1
2125980184	1
2125995154	1
2125995170	1
2126002301	1
2126002533	1
2126029908	1
2126080714	1
2126087167	1
2126088088	1
2126181705	1
2126190467	1
2126191358	1
2126193982	1
2126194096	1
2126194985	1
2126203734	1
2126250100	1
2126253874	1
2126275977	1
2126277937	1
2126285306	1
2126293944	1
2126294068	1
2126294952	1
2126310591	1
2126317528	1
2126332310	1
2126334760	1
2126336429	1
2126336603	1
2126344371	1
2126352775	1
2126431053	1
2126438158	1
2126439640	1
2126451647	1
2126452238	1
2126452901	1
2126456764	1
2126471099	1
2126495722	1
2126501521	1
2126530950	2
2126538879	1
2126561621	1
2126561623	1
2126561624	1
2126561920	1
2126589101	1
2126589961	1
2126610346	1
2126612485	1
2126612850	1
2126612910	1
2126651611	1
2126658407	1
2126661942	1
2126663322	1
2126680811	1
21266823501	1
2126711890	1
2126736588	1
2126736869	1
2126738451	1
2126743288	1
2126744025	1
2126750198	1
2126752867	1
2126753224	1
2126755562	1
2126756972	1
2126757826	1
2126758129	1
2126773280	1
2126775847	1
2126776330	1
2126780507	1
2126784617	1
2126784901	1
2126792310	1
2126793039	1
2126793179	1
2126799703	1
2126808946	1
2126813710	1
2126831894	1
2126834099	1
2126835098	1
2126836031	1
2126836150	1
2126845516	1
2126845702	1
2126847905	1
2126851379	1
2126851553	1
2126852953	1
2126856471	1
2126858188	1
2126858328	1
2126859685	1
2126864114	1
2126866726	1
2126869332	1
2126872123	1
2126872323	1
2126872964	1
2126877609	1
2126878384	1
2126886619	1
2126891325	1
2126895101	1
2126900033	1
2126900555	1
2126904373	1
2126917088	1
2126929069	1
2126930166	1
2126933356	1
2126942539	1
2126943875	1
2126944861	1
2126952684	2
2126955170	1
2126955560	1
2126955767	1
2126956987	1
2126957049	1
2126965878	1
2126967715	1
2126969128	1
2126972891	1
2126976460	1
2127061952	1
2127075555	1
2127094680	1
2127100003	1
2127140089	1
2127153300	1
2127156899	1
2127162361	1
2127211620	1
2127224966	1
2127240011	1
2127250864	1
2127253986	1
2127254808	1
2127256285	1
2127257706	1
2127263030	1
2127263053	1
2127272820	1
2127273860	1
2127277460	1
2127301229	1
2127302834	1
2127305155	1
2127310221	1
2127310277	1
2127310333	1
2127316866	1
2127365660	1
2127366709	1
2127368158	1
2127405554	1
2127410334	1
2127411902	1
2127413112	1
2127416869	1
2127417772	1
2127491019	1
2127498224	1
2127501097	1
2127509002	1
2127521510	1
2127536582	1
2127540168	1
2127598563	1
2127601472	1
2127602451	1
2127604259	2
2127609003	1
2127640891	1
2127643925	1
2127648894	1
2127658802	1
2127663252	1
2127681421	1
2127690777	1
2127774781	1
2127776669	1
2127791126	1
2127791654	1
2127794488	1
2127798275	1
2127798858	1
2127799787	1
2127809759	1
2127857229	1
2127859168	2
2127859377	1
2127860606	1
2127863406	1
2127875399	1
2127910895	1
2127911270	1
2127958648	1
2127964365	1
2127973545	1
2127992206	1
2127993763	1
2127994367	1
2127994552	1
2128047108	1
2128070408	1
2128076167	1
2128077392	1
2128092104	1
2128096630	1
2128102162	1
2128123396	1
2128133505	1
2128283690	1
2128288095	1
2128290800	1
2128304561	1
2128372712	1
2128378836	1
2128381611	1
2128459458	1
2128490969	1
212856377	1
2128564426	1
2128569873	1
2128580045	1
2128602204	1
2128603390	1
2128642220	1
2128643835	1
2128644695	1
2128651554	1
2128651853	1
2128652157	2
2128653960	1
2128657621	1
2128665810	1
2128667427	1
2128673467	1
2128673648	1
2128673844	1
2128681977	1
2128685244	1
2128694242	1
2128695432	1
2128696977	1
2128711091	1
2128743724	1
2128746542	1
2128761003	1
2128783630	1
2128786597	1
2128799348	2
2128806499	1
2128836770	1
2128887776	1
2128893672	1
2128937830	1
2128975084	1
2128989091	1
2129041218	1
2129089299	1
2129120085	1
2129139804	1
2129161545	1
2129189150	1
2129212221	1
2129214848	1
2129220796	1
2129221936	1
2129229185	1
2129229825	1
2129238222	1
2129243052	1
2129244121	1
2129244182	1
2129247608	1
2129257204	1
2129258375	1
2129258998	1
2129259391	1
2129265476	1
2129270252	1
2129294756	1
2129295605	1
2129296373	1
2129296815	1
2129297350	1
2129298749	1
2129318862	1
2129330459	1
2129334062	1
2129352651	1
2129353731	1
2129372094	1
2129373813	1
2129373858	1
2129373872	1
2129380089	1
2129380448	1
2129411513	1
2129411834	1
2129414803	1
2129415736	1
2129416362	1
2129417573	1
2129418415	1
2129419440	1
2129420819	1
2129421201	1
2129428309	1
2129432300	2
2129456713	1
2129472424	1
2129474381	1
2129475171	1
2129477780	1
2129479890	1
2129490875	1
2129494173	1
2129545006	1
2129619249	1
2129623537	1
2129644290	1
2129646072	1
2129646448	1
2129663877	1
2129664740	1
2129665101	1
2129668652	1
2129671811	1
2129674080	1
2129678196	1
2129710157	1
2129713176	1
2129718682	1
2129739711	1
2129740493	1
2129774350	1
2129791080	1
2129791737	1
2129795381	1
2129812110	1
2129816798	1
2129824614	1
2129878144	1
2129893004	1
2129896689	1
2129898903	1
2129914571	1
2129947595	1
2129949015	1
2129955241	1
2129967101	1
2129972246	1
2144325519	1
2146376226	1
2152356435	1
2152381674	1
2152389733	1
2152590594	1
2152827432	1
2153373085	1
2153540488	1
2154827978	1
2155641799	1
2155645531	1
2155698810	1
2155929636	1
2156474875	1
2158485901	1
2159012408	1
2159880579	1
2163737297	1
2199246811	1
2392082705	1
240-542-4927	1
2404650653	1
2405541696	1
2533691142	1
2534844971	1
2536601619	1
2537561150	1
2537939378	1
2604340991	1
2676534260	1
2677505970	1
2678125141	1
2678780516	1
2706753896	1
2813246879	1
2819331001	1
301-921-9360	1
301-933-3340	1
3012302520	1
3013209202	1
3013742714	1
3015282037	1
3015770250	1
3016544004	1
3017319779	1
3019173153	1
3019272800	1
3023221199	1
3023241604	1
3024490155	1
3025750387	1
3026611460	1
3028463223	1
3033791791	1
3033996146	1
3034799629	1
3047153558	1
305-634-5224	1
305-728-2398	1
3053568749	1
3055774887	1
3097647813	1
3105155046	1
3105798772	1
3108382095	1
312-274-9001	1
312-920-0554	1
3122368936	1
3122569091	1
3123609601	1
3123990680	1
3124259564	1
3124455420	1
3127595110	1
3127687801	1
3128320601	1
3128847945	1
3129227137	1
3129850275	1
3129870081	1
3134544011	1
3139611270	1
3142009957	1
3142050889	1
3142282634	1
3142483070	1
3142896167	1
3143614716	1
3147277313	1
3149191409	1
315-733-4436	1
3152227381	1
3152331120	1
3152526326	1
3152822371	1
3153861012	1
3154223331	1
3154224435	1
3154289841	1
3154320627	1
3154331553	1
3154376086	1
3154460135	1
3154532025	1
3154634328	1
3154711061	1
3156257242	1
3156739930	1
3157011130	1
3157012384	1
3157363170	1
3157368809	1
3157378265	1
3157487780	1
3158267224	1
3159303510	1
3178704410	1
3184024794	1
3236938636	1
330-408-9504	1
332-777-1420	1
341-425-8715	1
347-238-1979	1
347-293-5913	1
347-295-3975	1
347-438-3086	1
347-442-3668	1
347-466-4666	1
347-594-5416	1
347-619-0035	1
347-641-1356	1
347-687-5835	1
347-689-3154	1
347-787-6652	1
347-843-6414	1
3472025178	1
3472025742	1
3472027794	1
3472058540	1
3472152054	1
3472208206	1
3472305900	1
3472306263	1
3472306720	1
3472333870	1
3472338051	1
3472381947	1
3472403932	1
3472422543	1
3472520226	1
3472520636	1
3472546307	1
3472694519	1
3472701896	1
3472703532	1
3472704200	1
3472731450	1
3472731468	1
3472731971	1
3472755375	1
3472814372	1
3472818474	1
3472818724	1
3472822317	1
3472930063	1
3472935135	1
3472936944	1
3472972205	1
3473011331	1
3473085766	1
3473122425	1
3473126728	1
3473265814	1
3473265930	1
3473289344	1
3473299993	1
3473423045	1
3473423148	1
3473423853	1
3473423931	1
3473432871	1
3473446898	1
3473468347	1
3473469366	1
3473469821	1
3473507197	1
3473656364	1
3473782665	1
3473841484	1
3473912065	1
3473912091	1
3473943905	1
3473965243	1
3473975149	1
3473980153	1
3473989671	1
3474021055	1
3474021333	1
3474022111	1
3474022132	1
3474022791	1
3474025329	1
3474026420	1
3474027421	1
3474058407	1
3474065137	1
3474067446	1
3474084713	1
3474137302	1
3474145592	1
3474250423	1
3474251335	1
3474259207	1
3474272658	1
3474311212	1
3474313350	1
3474314844	1
3474350478	1
3474382997	1
3474383008	1
3474383073	1
3474383380	1
3474423122	1
3474496079	1
3474497847	1
3474549432	1
3474624103	1
3474624381	1
3474640439	1
3474785196	1
3474805451	1
3474847543	1
3474925095	1
3474926622	1
3474933510	1
3474944453	1
3474975849	1
3475212072	1
3475212086	1
3475234700	1
3475239107	1
3475279545	1
3475334623	1
3475334901	1
3475337744	1
3475339487	1
3475343306	1
3475370695	1
3475480052	1
3475484054	1
3475484903	1
3475494321	1
3475570317	1
3475589642	1
3475589670	1
3475614222	1
3475742024	1
3475775357	1
3475775562	1
3475787433	1
3475788792	1
3475801156	1
3475812870	1
3475838397	1
3475872170	1
3475872786	1
3475876107	1
3475876419	1
3475974395	1
3475975389	1
3475977045	1
3475978860	1
3475990955	1
3476024727	1
3476063497	1
3476195781	1
3476198714	1
3476202963	1
3476214211	1
3476215988	1
3476267184	1
3476267265	1
3476267730	1
3476267821	1
3476275444	1
3476279719	1
3476307234	1
3476472460	1
3476492022	1
3476571248	1
3476571721	1
3476633520	1
3476634900	1
3476637219	1
3476639929	1
3476651930	1
3476730520	1
3476735261	1
3476736222	1
3476767636	1
3476824280	1
3476825000	1
3477040011	1
3477089698	1
3477108370	1
3477135477	1
3477262476	1
3477269884	1
3477277760	1
3477306064	1
3477320541	1
3477324953	1
3477329178	1
3477500868	1
3477630310	1
3477631556	1
3477675152	1
3477675453	1
3477678988	1
3477708263	1
3477708344	1
3477708667	1
3477723107	1
3477723422	1
3477723664	1
3477871346	1
3477875554	1
3477876901	1
3477877068	1
3477991186	1
3478031812	1
3478032403	1
3478089835	1
3478100490	1
3478134398	1
3478134457	1
3478226055	1
3478253687	1
3478261219	1
3478261959	1
3478382427	1
3478383459	1
3478430233	1
3478430446	1
3478438359	1
3478480941	1
3478552828	1
3478686512	1
3478923447	1
3478960669	1
3478994494	1
3479016035	1
3479150799	1
3479161919	1
3479183484	1
3479188209	1
3479188807	1
3479233000	1
3479233071	1
3479233217	1
3479233341	1
3479249431	1
3479343495	1
3479473172	1
3479479555	1
3479607830	1
3479839861	1
3479919801	1
3479926073	1
3602421009	1
4013516755	1
4014756697	1
4016675969	1
4022894208	1
404-459-8070	1
4045294282	1
405-404-2587	1
4056015017	1
4076367644	1
4078975356	1
410-465-5257	1
410-551-8451	1
4102243960	1
4102348409	1
4105495409	1
4106305335	1
4106646600	1
4107270588	1
4109448044	1
4122992007	1
4123232202	1
4125323735	1
4125711932	1
4127220066	1
4127741515	1
4128545788	1
4132534150	1
4132541089	1
4132809430	1
4135332560	1
4144360354	1
415-392-5276	1
4156214447	1
4159521325	1
4172360964	1
4255573605	1
4256710758	1
4256998063	1
4257320235	1
4257477569	1
4403788400	1
4404484666	1
4405054827	1
4406059266	1
4432834249	1
4433606737	1
4436563570	1
4437732039	1
4439172096	1
4802474894	1
4802879242	1
4809617723	1
4843244626	1
4844163674	1
4844503613	1
4844978298	1
5014213750	1
5016312446	1
502-405-3076	1
502-435-3892	1
504-524-8884	1
5044122001	1
5044821403	1
508 8396145	1
5083516211	1
5083769060	1
5084299452	1
5085598910	1
5085637970	1
5087651273	1
509-463-9050	1
5092670676	1
5094791859	1
5106442334	1
5107639266	1
5108933566	1
512-329-2604	1
512-605-3782	1
512-996-0722	1
5122981253	1
5124784978	1
5132979060	1
516-213-8450	1
516-248-0114	1
516-308-4200	1
516-326-2851	1
516-350-6227	1
516-354-3062	1
516-355-7901	1
516-362-3667	1
516-371-4453	1
516-394-8501	1
516-405-5742	1
516-484-5128	1
516-487-0237	1
516-489-3330	1
516-513-1294	1
516-519-8691	1
516-520-5838	1
516-568-7940	1
516-569-1864	1
516-570-0390	1
516-590-0253	1
516-593-0779	1
516-631-1559	1
516-632-1164	1
516-640-4915	1
516-671-2885	1
516-706-4222	1
516-719-7101	1
516-750-9036	1
516-766-1273	1
516-771-1003	1
516-796-6192	1
516-798-4283	1
516-840-1137	1
516-868-1888	1
516-869-1345	1
516-935-8748	1
516-944-2356	1
516-944-9507	1
516-953-3459	1
516-977-3037	1
5162084867	1
5162087808	1
5162088096	1
5162136138	1
5162138156	1
5162161953	1
5162165434	1
5162182459	1
5162218067	1
5162218210	1
5162218833	1
5162226287	1
5162231335	1
5162236391	1
5162236546	1
5162238384	1
5162329548	1
5162331041	1
5162391634	1
5162393615	1
5162394745	1
5162437404	1
5162437442	1
5162437470	1
5162469101	2
5162477150	1
5162482645	1
5162484582	1
5162489018	1
5162550019	1
5162551748	1
5162562312	1
5162562540	1
5162563442	1
5162567413	1
5162604020	1
5162772740	1
5162804156	1
5162805585	1
5162807162	1
5162807625	1
5162808485	1
5162809177	1
5162823886	1
5162850441	1
5162850638	1
5162857714	1
5162859268	1
5162921550	1
5162922046	1
5162922455	1
5162923091	1
5162927484	1
5162928832	1
5162953540	1
5162996928	1
5163055027	1
5163071270	1
5163261162	1
5163261808	1
5163262712	1
5163262828	1
5163275500	1
5163278290	1
5163281381	1
5163282559	1
5163286475	1
5163331070	1
5163331522	1
5163336367	1
5163337454	1
5163337604	1
5163342673	1
5163381121	1
5163386920	1
5163417219	1
5163425333	1
5163451614	1
5163498744	1
5163498826	1
5163506857	1
5163517765	1
5163527704	1
5163528346	1
5163528464	1
5163545102	1
5163546001	1
5163555059	1
5163581780	1
5163587342	1
5163640668	1
5163640927	1
5163650790	1
5163652029	1
5163656699	1
5163712006	1
5163715181	1
5163743566	1
5163770490	1
5163777038	1
5163781238	1
5163781452	1
5163781938	1
5163782028	1
5163783646	1
5163784965	1
5163787779	1
5163856604	1
5163948325	1
5164009301	2
5164031872	1
5164065514	1
5164099293	1
5164140166	1
5164140667	1
5164141981	1
5164144226	1
5164146737	1
5164157187	1
5164200007	1
5164305015	1
5164326417	1
5164331140	1
5164331819	1
5164332815	1
5164337455	1
5164338044	1
5164370932	1
5164371589	1
5164372769	1
5164395113	1
5164423657	1
5164425236	1
5164503505	1
5164530191	1
5164530403	1
5164652881	1
5164653974	1
5164668260	1
5164701888	1
5164720456	1
5164819362	1
5164866188	1
5164881270	1
5164886540	1
5164888851	1
5164890141	1
5164892423	1
5164958066	1
5164967825	1
5165010051	1
5165019104	1
5165021996	1
5165022073	1
5165024233	1
5165024313	1
5165040223	1
5165041140	1
5165041338	1
5165050339	1
5165051372	1
5165053460	1
5165055297	1
5165109277	1
5165130813	1
5165131031	1
5165149306	1
5165222781	1
5165353940	1
5165361687	1
5165381303	1
5165381394	1
5165381474	1
5165410950	1
5165414115	1
5165420814	1
5165462242	1
5165572324	1
5165587112	1
5165611650	1
5165615444	1
5165653388	1
5165653856	1
5165687699	1
5165769499	1
5165842816	1
5165846003	1
5165846728	1
5165863261	1
5165863487	1
5165864080	1
5165865020	1
5165865434	1
5165866316	1
5165867222	1
5165868214	1
5165868359	1
5165932278	1
5165936304	1
5165940377	1
5165942424	1
5165953100	1
5165961125	1
5165962716	1
5165964380	1
5165967434	1
5165990828	1
5165993419	2
5166052224	1
5166080575	1
5166089903	1
5166120073	1
5166123706	1
5166124305	1
5166124975	1
5166166871	1
5166167558	1
5166209059	1
5166237679	1
5166239596	1
5166248406	1
5166248414	1
5166251226	1
5166259816	1
5166263917	1
5166277078	1
5166289385	1
5166328191	1
5166404679	1
5166411530	1
5166549756	1
5166743778	1
5166791238	1
5166810883	1
5166818002	1
5166828557	1
5166881248	1
5166883923	1
5166926620	1
5166939124	1
5166939267	1
5167060238	1
5167060293	1
5167061803	1
5167061928	1
5167063214	1
5167063779	1
5167064711	1
5167067339	1
5167081807	1
5167239464	1
5167313979	1
5167352107	1
5167354955	1
5167390340	1
5167400073	2
5167400769	1
5167402819	1
5167402881	1
5167403873	1
5167406697	1
5167415731	1
5167421288	1
5167422821	1
5167426719	1
5167439103	1
5167461001	1
5167466776	1
5167467290	1
5167471111	1
5167474133	1
5167508410	1
5167509531	1
5167552981	1
5167591048	1
5167591163	1
5167592013	1
5167628516	1
5167649791	1
5167653850	1
5167663378	1
5167663860	1
5167666307	1
5167677039	1
5167713716	1
5167714737	1
5167718649	1
5167750250	1
5167750399	1
5167750851	1
5167751112	1
5167753881	1
5167807055	1
5167812505	1
5167830037	1
5167833247	1
5167921131	1
5167923393	1
5167942985	1
5167946131	1
5167997444	1
5168010060	1
5168012046	1
5168014676	1
5168042333	1
5168049770	1
5168097022	1
5168097814	1
5168211301	1
5168220941	1
5168250271	1
5168257979	1
5168284726	1
5168290915	1
5168297201	1
5168580444	1
5168584771	1
5168675577	1
5168678227	1
5168679284	1
5168683869	1
5168684245	1
5168710402	1
5168726925	1
5168729055	1
5168738881	3
5168746953	1
5168766885	1
5168767954	1
5168772060	1
5168817385	1
5168817799	1
5168887165	1
5168894562	1
5169003446	1
5169084037	1
5169219391	1
5169221297	1
5169221616	1
5169229518	1
5169270903	1
5169315735	1
5169316119	1
5169319647	1
5169323288	2
5169328520	1
5169331016	1
5169354092	1
5169358700	1
5169358748	1
5169371156	1
5169381045	1
5169384617	1
5169386480	1
5169393837	1
5169420415	1
5169425594	1
5169533368	1
5169533401	1
5169601736	1
5169607770	1
5169771573	1
5169771586	1
5169772701	1
5169773352	1
5169776560	1
5169776937	1
5169779105	1
5169862464	1
5169920711	1
5169920882	1
5169922253	1
5169978855	1
5169979620	1
5169987521	1
518-266-0694	1
518-453-2204	1
518-508-5801	1
518-536-9056	1
518-584-8651	1
518-827-8188	1
5182181900	1
5182378448	1
5182616364	1
5182660694	1
5182716938	1
5182721414	1
5182984667	1
5183063741	1
5183712510	1
5183993033	1
5184263085	1
5184313550	1
5184380224	1
5184383075	1
5184440457	1
5184450634	1
5184507295	1
5184599501	1
5184637023	1
5184639174	1
5184720093	1
5185285595	1
5185793021	1
5185834335	1
5186029800	1
5186217974	1
5186641601	1
5186919318	1
5187623359	1
5187701535	1
5187851608	1
5188287517	1
5188370408	1
5188691673	1
5188695357	1
5188773800	1
5188872033	1
5189314173	1
559-486-5936	1
5597901093	1
5618286382	1
5618337267	1
5704220822	1
5704761001	1
5706468766	1
5708396980	1
5712661993	1
5742345066	1
5767061599	1
585-493-2849	1
5852475947	1
5852549139	1
5852623383	1
5852625499	1
5852720159	1
5852805266	1
5852863822	1
5852882264	1
5852959632	1
5853247881	1
5853253943	1
5853886712	1
5854210304	1
5854241190	1
5854426244	1
5854545050	1
5854560300	1
5854682804	1
5854864260	1
5854866470	1
5855461585	1
5855464324	1
5857870111	1
5857870773	1
5858892781	1
5867833430	1
6019834444	1
607-217-4420	1
607-748-5646	1
607-775-0826	1
6072577685	1
6073481460	1
6073481633	1
6073690653	1
6074788120	1
6077290129	1
6077292503	1
6077397880	1
6077467768	1
6077494304	1
6077546250	1
6077988186	1
6078449744	1
6079376137	1
6086468326	1
609-651-4095	1
609-734-8405	1
6092281079	1
6092284053	1
6092286647	1
6092287579	1
6092430400	1
6092598288	1
6092612268	1
6092617246	1
6092658213	1
6093874334	1
6093931140	1
6093931673	1
6094430899	1
6095186813	1
6095187587	1
6095676887	1
6095861301	1
6095868855	1
6095878670	1
6095888024	1
6095972393	1
6096193491	1
6096310808	1
6096552630	1
6096553050	1
6096893797	1
6097201210	1
6097233431	1
6097508870	1
6097510690	1
6097728932	1
6097888753	1
6098350914	1
6098593654	1
6098909116	1
6099199022	1
6099219414	1
6099273874	1
6099350529	1
6099353245	1
6099369866	1
6099641606	1
6099653222	1
6099710883	1
610-664-1006	1
610-837-9180	1
610-889-2006	1
6102612916	1
6103212765	1
6103953439	1
6104382161	1
6104669542	1
6105357007	1
6106171053	1
6106729690	1
6107054900	1
6107065418	1
6108311910	1
6108824341	1
6109929099	1
612-548-3119	1
6142374516	1
6144850677	1
6145737255	1
6157771501	1
617-679-1944	1
6173957945	1
6175769300	1
6176953507	1
6178018880	1
6179269301	1
6179770980	1
6212837233	1
626-270-4400	1
626-964-4447	1
6264482140	1
6266856985	1
630-206-1290	1
630-213-1297	1
630-628-0116	1
6307899009	1
6308308734	1
631-234-2064	1
631-234-6555	1
631-242-9449	1
631-254-5440	1
631-256-1413	1
631-261-9031	1
631-271-0203	1
631-333-7756	1
631-367-3078	1
631-389-2585	1
631-390-6339	1
631-419-1186	1
631-421-1510	1
631-423-2619	1
631-424-2078	1
631-425-4145	1
631-444-8825	1
631-452-2020	1
631-491-7021	1
631-498-8731	1
631-509-1639	1
631-538-0171	1
631-539-8934	1
631-549-1309	1
631-563-4434	1
631-581-1110	1
631-581-8693	1
631-586-7190	1
631-598-1988	1
631-617-5954	1
631-624-9512	1
631-650-5271	1
631-650-9899	1
631-653-8873	1
631-727-4963	1
631-772-5908	1
631-777-6833	1
631-841-5156	1
631-920-5607	1
631-928-0130	1
631-981-4098	1
631-982-5660	1
6312046977	1
6312180335	1
6312247197	1
6312251577	1
6312253056	1
6312256717	1
6312290903	1
6312292903	1
6312317153	1
6312342111	1
6312344297	1
6312364101	1
6312374216	1
6312385523	1
6312421746	1
6312422441	1
6312425030	1
6312426920	1
6312427206	1
6312440410	1
6312449279	1
6312466163	1
6312491645	1
6312493741	1
6312498344	1
6312542090	1
6312618588	1
6312627951	1
6312650723	1
6312662211	1
6312676448	1
6312697932	1
6312710467	1
6312711343	1
6312712245	1
6312712918	1
6312714173	1
6312774054	1
6312777907	1
6312843819	1
6312849510	1
6312886375	1
6312932231	1
6312938165	1
6313211058	1
6313215395	1
6313286789	1
6313379015	1
6313480913	1
6313483560	1
6313501562	1
6313510207	1
6313514014	1
6313516220	1
6313602753	1
6313603068	1
6313666085	1
6313670137	1
6313773896	1
6313828178	1
6313828334	1
6313850982	1
6313857273	1
6313908689	1
6313909406	1
6313909443	1
6313930220	1
6313930256	1
6313930842	1
6313936668	1
6313960558	1
6313960711	1
6313994912	1
6314031516	1
6314123434	1
6314151181	1
6314188354	1
6314197903	1
6314219245	1
6314226855	1
6314232910	1
6314239633	1
6314242208	1
6314245737	1
6314252562	1
6314270086	1
6314271825	1
6314364493	1
6314504549	1
6314542826	1
6314564053	1
6314622311	1
6314629685	1
6314644606	1
6314644670	1
6314659113	1
6314676611	1
6314721204	1
6314723929	1
6314742439	1
6314742661	1
6314763505	1
6314792687	1
6314819124	1
6314829422	1
6314829561	1
6314859661	1
6314865117	1
6314930853	1
6314986117	1
6315091778	1
6315143697	1
6315221066	1
6315245935	1
6315319707	1
6315324848	1
6315374224	1
6315449015	1
6315491548	1
6315499147	1
6315631166	1
6315631764	1
6315633089	1
6315639162	1
6315676000	1
6315678550	1
6315692054	1
6315694261	1
6315743122	1
6315802431	1
6315805909	1
6315833964	1
6315845653	1
6315845720	2
6315855760	1
6315857895	2
6315861537	1
6315865118	1
6315871384	1
6315886968	1
6315891103	1
6315896310	1
6315920447	1
6316080585	1
6316084189	1
6316084386	1
6316144424	1
6316152532	1
6316156501	1
6316175954	1
6316190367	1
6316276137	1
6316304638	1
6316431483	1
6316432155	1
6316472965	1
6316473280	1
6316473543	1
6316474953	1
6316480236	1
6316494994	1
6316569445	1
6316611199	1
6316614705	1
6316653126	1
6316670755	1
6316675141	1
6316676698	1
6316678263	1
6316679117	1
6316686079	1
6316733377	1
6316750871	1
6316759617	1
6316834423	1
6316899114	2
6316910949	1
6316913528	1
6316941795	1
6316945174	1
6316946303	1
6316961164	1
6317142627	1
6317273393	1
6317347550	1
6317363738	1
6317364666	1
6317371290	1
6317380035	1
6317439299	1
6317506902	1
6317561779	1
6317567121	1
6317571151	1
6317576569	1
6317580044	1
6317593805	1
6317711130	1
6317772284	1
6317773264	1
6317775171	1
6318032617	1
6318034260	1
6318036136	1
6318249040	1
6318306048	1
6318306263	1
6318416433	1
6318449095	1
6318577844	1
6318593198	1
6318641318	1
6318642374	1
6318646232	1
6318647773	1
6318648196	1
6318648814	1
6318701553	1
6318706846	1
6318734291	1
6318744547	1
6318745028	1
6318810802	1
6319200766	1
6319206625	1
6319228481	1
6319230303	1
6319230902	1
6319284905	1
6319408024	1
6319408296	1
6319408689	1
6319414877	1
6319525975	1
6319561113	1
6319630063	1
6319682401	1
6319811063	1
6319811750	1
6319812369	1
6319814490	1
6319933060	1
646-219-1059	1
646-219-5889	1
646-253-7762	1
646-365-4886	1
646-368-1697	1
646-476-6700	1
646-495-1532	1
646-499-3814	1
646-545-5381	1
646-576-9680	1
646-607-4557	1
646-706-7119	1
646-770-2925	1
646-786-4945	1
646-882-7848	1
646-895-9399	1
646-927-0366	1
6462168644	1
6462173141	1
6462173159	1
6462181213	1
6462191090	1
6462194188	2
6462194239	1
6462243532	1
6462248497	1
6462271128	1
6462306400	1
6462377947	1
6462487052	1
6462650241	1
6462905001	1
6462908646	1
6462925149	1
6463042693	1
6463046433	1
6463084650	1
6463089228	1
6463156701	1
6463305050	1
6463367815	1
6463380880	1
6463491086	1
6463492616	1
6463493050	1
6463493643	1
6463494028	1
6463495778	1
6463495796	2
6463513643	1
6463571278	1
6463571331	1
6463654564	1
6463681697	1
6463689542	1
6463701797	1
6463705755	1
6463813634	1
6463867656	1
6463902713	1
6463903256	1
6463908916	1
6463935637	1
6463939700	1
6463968770	1
6463988707	1
6463989531	1
6464015708	1
6464034381	1
6464102251	1
6464175517	1
6464177879	1
6464178229	1
6464341019	1
6464341082	1
6464351558	1
6464421499	1
6464488238	1
6464594321	1
6464638958	1
6464788913	1
6464789179	1
6464789221	1
6464789784	1
6464845157	1
6464875555	1
6464909810	1
6464969109	1
6464995109	1
6465033070	1
6465075939	1
6465128946	1
6465140908	1
6465144260	1
6465145686	1
6465147875	1
6465189237	1
6465189264	1
6465197235	1
6465277281	1
6465437505	1
6465455381	1
6465533319	1
6465587672	1
6465590769	1
6465596043	1
6465597524	1
6465685833	1
6465699100	1
6465710628	1
6465728725	1
6465850300	1
6465890776	1
6465908007	1
6465967093	1
6465969042	1
6465969680	1
6466071073	1
6466075445	1
6466075855	1
6466077610	1
6466079548	1
6466098800	1
6466127349	1
6466130908	1
6466194306	1
6466194523	1
6466198760	1
6466266450	1
6466267570	1
6466277334	1
6466309597	1
6466493545	1
6466502127	1
6466580599	1
6466583571	1
6466611422	1
6466617617	1
6466631076	1
6466738401	1
6466783724	1
6466784439	1
6466784733	1
6466800082	1
6466829844	1
6466883373	1
6466884977	1
6466900326	1
6466923133	1
6466928418	1
6467064090	1
6467097828	1
6467222901	1
6467224101	1
6467343704	1
6467365402	1
6467379977	1
6467511454	1
6467622554	1
6467669949	1
6467740354	1
6467863616	1
6467864327	1
6467864389	1
6467908501	1
6467972090	1
6468091380	1
6468094621	1
6468131806	1
64682140001	1
6468214601	1
6468299478	1
6468384199	1
6468392937	1
6468434729	1
6468504951	1
6468526533	1
6468632377	1
6468673689	1
6468935003	1
6468959554	1
6469151581	1
6469270016	1
6469284937	1
6469295557	1
6469305896	1
6469644962	1
6469981994	1
6469988035	1
6469988053	1
6469988119	1
6502840432	1
6506556633	1
651-290-0979	1
6783599282	2
6784667028	1
6785863094	1
6786660665	1
7022338053	1
703-461-3600	1
703-683-7449	1
703-709-2535	1
703-935-1299	1
7033269096	1
7033521170	1
7034499385	1
7035324455	1
7035639647	1
7037226380	1
7039253030	1
7039566996	1
7045615228	1
7047310862	1
7048595135	1
7073355151	1
7082534173	1
7084457538	1
7134299382	1
7134963349	1
7138532300	1
7142421823	1
7146193019	1
7149931092	1
716 8367374	1
716-626-0629	1
716-699-8633	1
716-842-8677	1
716-849-0969	1
716-876-8004	2
7162065199	1
7162422982	1
7162427544	1
7162831982	1
7163280013	1
7163322276	1
7163322800	1
7163663814	1
7163736041	1
7164187108	1
7166038848	1
7166261214	1
7166313187	1
7166361157	1
7166653230	1
7166654004	1
7166819988	1
7166846285	1
7167311199	1
7167411505	1
7167415551	1
7167438841	1
7168001048	1
7168382362	1
7168531418	1
7168560981	1
7169024243	1
7169024254	1
7169929246	1
717-282-6155	1
717-721-9863	1
7173670367	1
7173707004	1
7179868396	1
718-209-1352	1
718-221-2442	1
718-225-7735	1
718-228-5159	1
718-228-6797	1
718-228-7802	1
718-234-6079	1
718-247-7380	1
718-252-6261	1
718-260-9284	1
718-262-8146	1
718-277-1897	1
718-292-4302	1
718-295-2329	1
718-297-4277	1
718-299-2278	1
718-317-5635	1
718-322-6963	1
718-337-7855	1
718-341-3767	1
718-347-1342	1
718-377-1239	1
718-383-8001	1
718-385-1972	1
718-402-5807	1
718-429-4718	1
718-441-1810	1
718-451-2086	1
718-451-9763	1
718-462-4098	1
718-474-3550	1
718-488-0888	1
718-489-1788	1
718-494-6048	1
718-498-6228	1
718-498-8680	1
718-504-5385	1
718-519-6574	1
718-525-5858	1
718-535-7660	1
718-544-1852	1
718-544-4347	1
718-552-2762	1
718-573-9468	1
718-588-7305	1
718-596-2472	1
718-599-6709	1
718-599-7788	1
718-602-1410	1
718-605-0361	1
718-644-3252	1
718-648-9286	1
718-657-0699	1
718-725-2527	1
718-725-7148	1
718-727-8890	1
718-731-0681	1
718-743-6337	1
718-748-9626	1
718-758-2001	1
718-773-8270	1
718-776-5775	1
718-784-9113	1
718-786-6632	1
718-789-3562	1
718-792-1499	1
718-799-1456	1
718-805-2054	1
718-843-1229	1
718-858-7601	1
718-863-2509	1
718-865-0954	1
718-875-5486	1
718-876-5407	1
718-885-0501	1
718-886-6601	1
718-893-3668	1
718-898-0069	1
718-932-1884	1
718-939-4446	1
718-946-1878	1
718-949-5174	1
718-956-6300	1
718-993-2029	1
718-994-4480	1
7182041000	1
7182046220	1
7182052142	1
7182056674	1
7182061040	1
7182061556	1
7182062236	1
7182084399	1
7182092096	1
7182097330	1
7182103595	1
7182153893	1
7182170825	1
7182171122	1
7182174236	1
7182174439	1
7182177969	1
7182178974	1
7182188922	1
7182189023	1
7182202555	1
7182204441	1
7182211229	1
7182211880	1
7182212904	1
7182214864	1
7182215000	1
7182221069	1
7182225858	1
7182240080	1
7182240724	1
7182246472	1
7182251242	1
7182256791	1
7182266103	1
7182272237	1
7182277678	1
7182282527	1
7182282974	1
7182283525	2
7182284166	1
7182284290	1
7182284557	1
7182284869	1
7182285332	1
7182285335	1
7182285529	1
7182285590	1
7182285663	1
7182285980	1
7182286124	1
7182286433	1
7182286545	1
7182286553	1
7182286764	1
7182287003	1
7182287025	1
7182287153	1
7182287162	1
7182287632	1
7182287654	1
7182287684	1
7182287757	1
7182287858	1
7182287859	1
7182287924	1
7182288027	1
7182288130	1
7182288318	1
7182288373	1
7182288611	1
7182288871	1
7182289112	1
7182289194	1
7182289447	1
7182289521	1
7182289531	1
7182289810	1
7182290712	1
7182291173	1
7182292036	1
7182297724	1
7182298833	1
7182300272	1
7182305499	1
7182312143	1
7182314269	1
7182314338	1
7182315937	1
7182315999	1
7182317209	1
7182318397	1
7182320447	1
7182329879	1
7182331145	1
7182332577	1
7182332721	1
7182340484	1
7182347892	1
7182353091	1
7182353754	1
7182354717	1
7182359728	1
7182362932	1
7182363643	1
7182368805	1
7182374034	1
7182374342	1
7182374901	1
7182384845	1
7182397342	1
7182402670	1
7182412925	1
7182416972	1
7182432336	1
7182467822	1
7182471828	1
7182475956	1
7182476024	1
7182479809	1
7182504636	1
7182512091	1
7182512946	1
7182513742	1
7182515528	1
7182522068	1
7182524949	1
7182551862	2
7182556208	1
7182556691	1
7182562828	1
7182564251	1
7182573189	1
7182575898	1
7182578317	1
7182581382	1
7182588303	1
7182588881	1
7182590480	1
7182594015	1
7182595024	1
7182600845	1
7182602592	1
7182609397	1
7182611820	1
7182612050	1
7182612185	1
7182617898	2
7182620522	1
7182628310	1
7182630749	1
7182632629	1
7182633874	1
7182641250	1
7182670420	1
7182670510	1
7182672644	1
7182678045	1
7182679300	1
7182679464	1
7182680027	1
7182685136	1
7182688860	1
7182721223	1
7182721835	1
7182721973	1
7182725469	1
7182727643	1
7182728404	1
7182735704	1
7182735900	1
7182739316	1
7182748501	1
7182749400	1
7182755011	1
7182756762	1
7182761300	1
7182761408	1
7182763936	1
7182764516	1
7182764800	1
7182765846	1
7182766127	1
7182766975	1
7182767644	1
7182771897	1
7182783456	1
7182784159	1
7182791662	1
7182811970	1
7182812669	1
7182827314	1
7182829430	1
7182840085	1
7182840418	1
7182845315	1
7182853952	1
7182856174	1
7182859715	1
7182872130	1
7182911243	1
7182912620	1
7182915824	1
7182916303	1
7182918104	1
7182919011	1
7182922098	1
7182923115	1
7182924184	1
7182924995	1
7182926369	1
7182928151	1
7182933427	1
7182945681	1
7182949216	1
7182970770	1
7182973680	1
7182975151	1
7182994818	1
7182995466	1
7183016412	1
7183019589	1
7183026079	1
7183032449	1
7183041168	1
7183051508	1
7183051792	2
7183054119	1
7183069731	1
7183076417	1
7183076442	1
7183130059	1
7183171354	1
7183176775	1
7183177183	1
7183179188	1
7183179477	1
7183202201	1
7183211346	1
7183211676	1
7183212385	1
7183217528	1
7183219799	1
7183221885	1
7183222784	1
7183223187	1
7183231067	1
7183231769	1
7183231856	1
7183232279	1
7183233323	1
7183234408	1
7183234775	1
7183236000	1
7183237611	1
7183240402	1
7183247334	1
7183252373	1
7183255958	1
7183262334	1
7183263170	1
7183264285	1
7183270605	1
7183270732	1
7183270988	1
7183271010	1
7183282546	1
7183283187	1
7183283632	1
7183284546	1
7183300039	1
7183312808	1
7183315467	1
7183315830	1
7183315919	1
7183323169	1
7183332521	1
7183368217	1
7183381594	1
7183387097	1
7183398287	1
7183398331	1
7183410983	1
7183412658	1
7183414024	1
7183415429	1
7183416371	1
7183419565	1
7183419853	1
7183425072	1
7183431810	1
7183431846	1
7183431971	1
7183435185	1
7183435187	1
7183436541	1
7183436979	1
7183452950	1
7183457203	1
7183470088	1
7183471010	1
7183473010	1
7183473028	1
7183475964	1
7183476127	1
7183491089	1
7183493316	1
7183493834	1
7183496547	1
7183499148	2
7183520063	1
7183522271	1
7183527935	1
7183530444	1
7183533793	1
7183533850	1
7183534468	1
7183534481	1
7183535847	2
7183537149	1
7183548735	1
7183562107	1
7183563926	1
7183566740	1
7183567957	1
7183572697	1
7183575948	1
7183577054	1
7183578776	1
7183581128	1
7183581690	1
7183588495	1
7183588614	1
7183588820	1
7183590460	1
7183590625	1
7183591105	1
7183591781	1
7183595002	1
7183595410	1
7183598661	1
7183604785	1
7183604993	1
7183605848	1
7183609313	1
7183609624	1
7183611799	1
7183611999	1
7183612623	1
7183616454	1
7183618836	1
7183618906	1
7183619674	1
7183621277	1
7183621786	1
7183638851	1
7183654609	1
7183660388	1
7183661288	1
7183666500	1
7183666535	1
7183666980	1
7183667136	1
7183670376	1
7183673624	1
7183682231	2
7183693541	1
7183701351	1
7183703566	1
7183708868	1
7183709560	1
7183746548	1
7183746611	1
7183763261	1
7183770098	1
7183770583	1
7183771291	1
7183771911	1
7183772527	1
7183773315	1
7183780197	1
7183780801	1
7183782082	2
7183784560	1
7183794417	1
7183807200	1
7183809875	1
7183812389	1
7183818808	1
7183830796	1
7183831037	1
7183831233	1
7183832099	1
7183833188	1
7183834080	1
7183835388	1
7183837780	1
7183842342	1
7183845450	1
7183845572	1
7183846198	1
7183846788	1
7183855602	1
7183861286	2
7183861548	1
7183862300	1
7183863616	1
7183883166	1
7183884065	1
7183886019	1
7183888097	1
7183890258	1
7183891030	1
7183891666	1
7183891991	2
7183896155	1
7183900915	1
7183905166	1
7183905213	1
7183920211	1
7183920723	1
7183922309	1
7183924650	1
7183925917	2
7183927272	1
7183930823	1
7183937622	1
7183959181	1
7183978200	1
7183982005	1
7183986424	1
7183986553	1
7183987459	1
7183987696	1
7183992584	1
7183993500	1
7183998016	1
7183999808	1
7184010742	1
7184012635	1
7184014383	1
7184017301	1
7184023934	1
7184025228	1
7184027002	1
7184030956	1
7184039802	1
7184040176	1
7184050636	1
7184055187	1
7184057646	1
7184060477	1
7184066800	1
7184077336	1
7184081364	1
7184082021	1
7184089496	1
7184093708	1
7184123264	1
7184129720	1
7184132123	1
7184135377	1
7184146969	1
7184160956	1
7184161425	1
7184161838	1
7184170363	1
7184171093	1
7184173682	1
7184176720	1
7184184029	1
7184184500	1
7184187985	1
7184188104	1
7184201032	1
7184212264	1
7184215127	1
7184217007	1
7184221054	1
7184221401	1
7184227972	1
7184229960	1
7184235634	1
7184238708	1
7184241785	1
7184244430	1
7184246083	1
7184250682	1
7184258930	1
7184263201	1
7184264510	1
7184269288	1
7184269709	1
7184286557	1
7184290668	1
7184291438	1
7184294245	1
7184297442	1
7184298089	1
7184301122	1
7184310713	1
7184318191	1
7184320128	1
7184341581	1
7184352232	1
7184355284	1
7184355545	1
7184357298	2
7184365512	1
7184372699	1
7184372970	1
7184373034	1
7184382150	1
7184382930	1
7184383012	1
7184385125	1
7184390499	1
7184390621	1
7184390695	1
7184391155	1
7184392989	1
7184393186	1
7184393337	1
7184396305	1
7184398723	1
7184408307	1
7184410034	1
7184410256	1
7184410566	1
7184410921	1
7184412633	1
7184414921	1
7184416651	1
7184417418	1
7184417983	1
7184419408	1
7184421048	1
7184421474	1
7184422183	1
7184422567	1
7184426581	1
7184429098	1
7184430501	1
7184433669	1
7184441782	1
7184443584	1
7184448285	1
7184451331	1
7184456380	1
7184457420	1
7184471118	1
7184477001	1
7184480608	1
7184480840	1
7184484882	1
7184485236	1
7184487334	1
7184487691	1
7184491195	1
7184491777	1
7184508751	1
7184510436	1
7184511730	1
7184523470	1
7184526726	1
7184530770	1
7184540193	1
7184541689	1
7184543038	1
7184544105	1
7184551808	1
7184552030	1
7184554834	1
7184555718	1
7184558535	1
7184570546	1
7184579520	1
7184580011	1
7184602044	1
7184604235	1
7184604594	1
7184610299	1
7184611534	1
7184612888	1
7184614319	1
7184616376	1
7184617570	1
7184618185	1
7184618719	1
7184630104	1
7184640288	1
7184641078	1
7184641432	1
7184644425	1
7184644664	1
7184644825	1
7184648477	1
7184657718	1
7184659888	1
7184672079	1
7184677963	1
7184681512	1
7184684174	1
7184686909	1
7184686925	1
7184687032	1
7184687803	1
7184702794	1
7184718633	1
7184724395	1
7184725683	1
7184730077	1
7184744898	1
7184765200	1
7184775512	1
7184779625	1
7184782334	1
7184791255	1
7184793080	1
7184797863	1
7184808047	1
7184808863	1
7184817085	1
7184819224	1
7184820411	1
7184823923	1
7184828385	1
7184828716	1
7184829270	1
7184829301	1
7184839204	1
7184839755	1
7184839878	1
7184841477	1
7184841710	1
7184841713	1
7184841799	1
7184843919	1
7184847211	1
7184850777	1
7184853433	1
7184866344	1
7184866435	1
7184874791	2
7184878048	1
7184880781	1
7184887606	1
7184915000	1
7184922937	1
7184924511	1
7184943090	1
7184945749	1
7184948509	1
7184948776	1
7184950284	1
7184950900	1
7184955703	1
7184977412	1
7184984763	1
7184991646	1
7184991948	1
7184995223	1
7184996065	1
7184998560	1
718502615858	1
7185028506	1
7185029250	1
7185029461	1
7185029462	1
7185030775	1
7185036522	1
7185043612	1
7185044471	1
7185044865	1
7185044948	1
7185046000	1
7185046099	1
7185046177	1
7185046394	1
7185046480	1
7185047160	1
7185047765	1
7185047916	1
7185050486	1
7185050521	1
7185051054	1
7185072324	1
7185075898	1
7185079486	1
7185090704	1
7185096993	1
7185131846	1
7185133613	1
7185134489	1
7185134946	1
7185136133	1
7185136391	1
7185136656	1
7185152069	1
7185156200	1
7185158463	1
7185199160	1
7185208406	1
7185210011	1
7185220204	1
7185220427	1
7185222533	1
7185223735	1
7185224905	1
7185226402	1
7185232001	1
7185233333	1
7185234647	1
71852411142	1
7185244390	1
7185250799	1
7185252366	1
7185253131	1
7185254279	1
7185254305	1
7185254720	1
7185254912	1
7185255849	1
7185256816	1
7185260005	1
7185261026	1
7185264656	1
7185266089	1
7185270851	1
7185272121	1
7185272993	1
7185273657	1
7185274286	1
7185275272	1
7185275500	1
7185278319	1
7185278742	1
7185278747	1
7185279314	1
7185279633	1
7185280110	1
7185280162	1
7185282410	1
7185283303	1
7185284574	1
7185285151	1
7185287723	1
7185290851	1
7185291179	1
7185294026	1
7185295174	1
7185313038	1
7185320073	1
7185320665	1
7185331969	1
7185344658	2
7185370774	1
7185374007	1
7185374108	1
7185375542	1
7185386102	1
7185386570	1
7185387200	1
7185393687	1
7185393864	1
7185399870	1
7185420342	1
7185421571	1
7185423788	1
7185424307	1
7185424988	1
7185425427	1
7185435784	1
7185456074	1
7185471161	1
7185471544	1
7185472703	1
7185478121	1
7185480778	1
7185486039	1
7185492876	1
7185522900	1
7185540206	1
7185540549	1
7185541155	1
7185541757	1
7185543850	1
7185563729	1
7185566885	1
7185585822	1
7185586058	1
7185594705	1
7185594898	1
7185596597	1
7185618176	1
7185632100	1
7185672716	1
7185678585	1
7185690022	1
7185696424	1
7185702903	1
7185719193	1
7185719221	1
7185741358	1
7185741577	1
7185743924	1
7185745102	1
7185752269	1
7185762590	1
7185763539	1
7185775411	1
7185812537	1
7185830702	1
7185840469	1
7185850129	1
7185854165	1
7185855463	1
7185855526	1
7185855539	1
7185856039	1
7185857432	1
7185857445	1
7185858825	1
7185892813	1
7185925932	1
7185965085	1
7185966127	1
7185991564	1
7185994929	1
7185996825	1
7186054104	1
7186054320	1
7186055104	1
7186056119	1
7186057083	1
7186057210	1
7186060340	1
7186066026	1
7186066244	1
7186069531	1
7186069558	1
7186069570	1
7186090025	1
7186152121	1
7186171231	1
7186175183	1
7186187994	1
7186198854	1
7186214800	1
7186219051	1
7186222711	1
7186238280	1
7186238538	1
7186244381	1
7186246264	1
7186251013	1
7186251553	1
7186255783	1
7186262192	1
7186272663	1
7186276740	1
7186280702	1
7186281028	1
7186281040	1
7186284109	1
7186285444	1
7186292299	1
7186299556	1
7186310201	1
7186315700	1
7186317805	2
7186331682	1
7186332906	1
7186335227	1
7186344171	1
7186352830	1
7186368421	1
7186376195	1
7186393938	1
7186394072	1
7186397699	1
7186409002	1
7186417642	1
7186417667	1
7186423539	1
7186439111	1
7186439555	1
7186439573	1
7186463778	1
7186476116	1
7186493116	1
7186496531	1
7186520093	1
7186521031	1
7186531166	1
7186533096	1
7186535819	1
7186543859	1
7186555211	1
7186557339	1
7186560937	1
7186566614	1
7186567413	1
7186570649	1
7186571840	1
7186576226	1
7186580150	1
7186586517	1
7186586645	1
7186587745	1
7186591205	1
7186613788	1
7186652576	1
7186653144	1
7186654274	1
7186655322	1
7186655757	1
7186656814	1
7186657922	1
7186673259	1
7186674524	1
7186676778	1
7186678045	1
7186681812	1
7186710359	1
7186722195	1
7186725700	1
7186746671	1
7186757012	1
7186760860	1
7186765201	1
7186765558	1
7186765901	1
7186767593	1
7186769870	1
7186770439	1
7186771682	1
7186773500	1
7186774209	1
7186774371	1
7186799102	1
7186799111	2
7186799166	1
7186799461	1
7186799656	2
7186815276	1
7186821974	1
7186842341	1
7186846003	1
7186846207	1
7186850199	1
7186852387	1
7186852527	1
7186891416	1
7186891442	1
7186903531	1
7186903957	1
7186923013	1
7186923303	1
7186924745	1
7186930806	1
7186949794	1
7186983123	1
7186983600	1
7186986972	1
7186993873	1
7186995379	1
7186996842	2
7187011610	1
7187013408	1
7187013770	1
7187014847	1
7187014941	1
7187015120	1
7187015980	1
7187031503	1
7187038465	1
7187061188	1
7187068383	1
7187069614	1
7187070205	1
7187073206	1
7187084181	1
7187086296	1
7187086747	1
7187087959	1
7187091734	1
7187094326	1
7187095885	1
7187097508	1
7187097596	1
7187097607	1
7187097788	1
7187098712	1
7187121799	1
7187122008	1
7187122343	1
7187124300	1
7187125573	1
7187128581	1
7187128680	1
7187131813	1
7187131820	1
7187150470	1
7187150502	1
7187160067	1
7187162505	1
7187163313	1
7187178780	1
7187204102	1
7187204818	1
7187205793	1
7187207060	1
7187208400	1
7187212092	1
7187215464	1
7187227550	1
7187230689	1
7187230706	1
7187232527	1
7187232837	1
7187233834	1
7187236688	1
7187237210	1
7187237223	1
7187237262	1
7187238124	1
7187238766	1
7187250102	1
7187257029	1
7187257584	1
7187263937	1
7187264163	1
7187270101	1
7187270708	1
7187272388	1
7187281579	1
7187282882	1
7187292060	1
7187292201	1
7187292968	1
7187293910	1
7187314044	1
7187317359	1
7187322206	1
7187322660	1
7187322778	1
7187322849	1
7187322889	1
7187324592	1
7187350296	1
7187356953	1
7187357822	1
7187360443	1
7187362325	1
7187369595	1
7187381155	1
7187382121	1
7187382305	1
7187382548	1
7187382661	1
7187383799	1
7187385596	1
7187388053	1
7187393253	1
7187393801	1
7187393957	1
7187403002	1
7187403743	1
7187404140	1
7187407376	1
7187409606	1
7187427407	1
7187439187	1
7187442001	1
7187442031	1
7187442460	1
7187442543	1
7187442892	1
7187442948	1
7187442979	1
7187449037	1
7187449211	1
7187449693	1
7187449770	1
7187453810	1
7187455790	1
7187460422	1
7187461217	1
7187461609	1
7187462368	1
7187464435	1
7187467474	1
7187470726	1
7187472279	1
7187475101	1
7187482152	1
7187490113	1
7187495912	1
7187529207	1
7187546461	1
7187582767	1
7187584823	1
7187591113	1
7187596834	1
7187599278	1
7187610429	1
7187611783	1
7187612784	1
7187617428	1
7187620545	1
7187623232	1
7187623727	1
7187625267	1
7187628788	1
7187632300	1
7187633418	1
7187642327	1
7187667980	1
7187668243	1
7187668479	1
7187668631	1
7187668842	1
7187669298	1
7187673885	1
7187673912	1
7187675166	1
7187683745	1
7187688855	1
7187689088	1
7187707296	1
7187715102	1
7187730013	1
7187734214	1
7187743000	1
7187745660	1
7187746137	1
7187753345	1
7187762798	1
7187765159	1
7187767022	1
7187768069	1
7187777651	1
7187777724	1
7187792811	1
7187796532	1
7187796535	1
7187797130	1
7187797957	1
7187820925	1
7187822985	1
7187833308	1
7187833756	1
7187841772	1
7187842063	1
7187844085	1
7187844434	1
7187849012	1
7187849015	1
7187859482	1
7187859509	1
7187859644	1
7187861504	1
7187861986	1
7187864764	1
7187868274	1
7187869308	1
7187872221	1
7187881008	1
7187881787	1
7187882336	1
7187882666	1
7187883080	1
7187883991	1
7187888065	1
7187888734	1
7187890118	1
7187890165	1
7187890187	1
7187890347	1
7187891999	1
7187917232	1
7187922630	1
7187925371	1
7187930363	1
7187932216	1
7187949720	1
7187951957	1
7187954369	2
7187959004	1
7187959433	1
7187963673	1
7187979164	1
7187985653	1
7187986042	1
7187989548	1
7187991058	1
7187995357	1
7187999194	1
7188018379	1
7188020041	1
7188029300	1
7188032224	1
7188032953	1
7188033110	1
7188052696	1
7188056102	1
7188057090	1
7188057283	1
7188058004	1
7188059606	1
7188059959	2
7188059995	1
7188066224	1
7188067999	1
7188074757	1
7188079898	1
7188151975	1
7188165689	1
7188188238	1
7188197506	1
7188198221	1
7188198902	1
7188200689	1
7188208887	1
7188211031	1
7188211255	1
7188211423	1
7188213700	1
7188214112	1
7188225878	1
7188232572	1
7188244065	1
7188244728	1
7188248261	1
7188260877	1
7188261571	1
7188271128	1
7188272677	1
7188280466	1
7188290079	1
7188296515	1
7188310199	1
7188311944	1
7188320621	1
7188321807	1
7188328397	1
7188328676	1
7188329372	1
7188332224	1
7188337817	1
7188344887	1
7188351488	1
7188352972	1
7188353951	1
7188358182	1
7188363474	1
7188364728	1
7188378877	1
7188379494	1
7188417171	1
7188417526	1
7188417892	1
7188420124	1
7188424071	1
7188424877	1
7188426965	1
7188431717	1
7188433810	1
7188434802	1
7188436321	1
7188437435	1
7188456756	1
7188456822	1
7188457855	1
7188457860	1
7188459801	1
7188462455	1
7188468601	1
7188471879	1
7188478124	1
7188479397	1
7188486360	1
7188487156	1
7188487964	1
7188488400	1
7188492286	1
7188495101	1
7188495608	1
7188501812	1
7188503829	1
7188505517	1
7188506525	1
7188507601	1
7188510909	1
7188513473	1
7188524159	1
7188529906	1
7188530730	1
7188531488	1
7188539305	1
7188545080	1
7188551601	1
7188554088	1
7188556579	1
7188559015	1
7188560853	1
7188561701	1
7188566736	1
7188568229	1
7188584511	1
7188585545	1
7188586711	1
7188587080	1
7188587377	1
7188588788	1
7188592345	1
7188601867	1
7188602642	1
7188611043	1
7188611745	1
7188620512	2
7188624394	1
7188636161	1
7188636178	1
7188650616	1
7188650986	1
7188655137	1
7188655662	1
7188658163	1
7188659195	1
7188680340	1
7188712070	1
7188719873	1
7188725419	1
7188725726	1
7188740137	1
7188740145	1
7188742778	1
7188758400	1
7188760390	1
7188768224	1
7188795820	1
7188808869	1
7188811984	1
7188815525	1
7188816405	1
7188820042	1
7188825170	1
7188839836	1
7188840125	1
7188848062	1
7188850694	1
7188863211	1
7188864218	1
7188867338	1
7188867800	1
7188867911	1
7188868356	1
7188873951	1
7188875481	1
7188878601	1
7188880764	1
7188883191	1
7188887121	1
7188889540	1
7188897128	1
7188910918	1
7188922245	1
7188924666	1
7188924893	1
7188925490	1
7188932036	1
7188937223	1
7188941534	1
7188945777	1
7188946971	1
7188961700	1
7188969324	1
7188976129	1
7188979665	1
7188980505	1
7188981025	1
7188997238	1
7188999061	1
7189020280	1
7189064090	1
7189068927	1
7189073703	1
7189212640	1
7189220216	1
7189229438	1
7189231603	1
7189242089	1
7189273940	1
7189310453	1
7189310717	1
7189314934	1
7189323912	1
7189325247	1
7189326322	1
7189328470	1
7189329390	1
7189346161	1
7189374805	1
7189375671	1
7189376001	1
7189376935	1
7189377223	1
7189379387	1
7189391077	1
7189400305	1
7189403369	1
7189404610	1
7189407777	1
7189408831	1
7189410909	1
7189413230	1
7189414699	1
7189425424	1
7189429429	1
7189430366	1
7189446932	1
7189454951	1
7189470879	1
7189471277	1
7189484095	1
7189485096	1
7189490242	1
7189493070	1
7189493083	1
7189493563	1
7189494032	1
7189495820	1
7189510682	1
7189511593	1
7189532108	1
7189561074	1
7189568300	1
7189612891	1
7189616687	1
7189619408	1
7189640314	1
7189651563	1
7189653221	1
7189653901	1
7189664677	1
7189666193	1
7189666686	1
7189666757	1
7189670144	1
7189676902	1
7189681711	1
7189720307	1
7189722581	1
7189722867	1
7189723046	1
7189725472	1
7189726485	1
7189746606	1
7189750048	1
7189753719	1
7189754970	1
7189758112	1
7189780032	1
7189782015	1
7189782754	1
7189786870	1
7189793059	1
7189800322	1
7189812689	1
7189812915	1
7189814318	1
7189815852	1
7189818702	1
7189838115	1
7189843404	1
7189843517	1
7189846264	1
7189875386	1
7189891376	1
7189891382	1
7189911711	1
7189912901	1
7189913025	1
7189918876	1
7189931912	1
7189932947	1
7189942311	1
7189944152	1
7189946041	1
7189950202	1
7189955133	1
7189981940	1
7189985484	1
7189988058	1
719-735-7777	1
7192602592	1
724-861-8832	1
7246870521	1
727-578-5210	1
7283532605	1
732-310-5762	1
732-416-7666	1
732-521-2724	1
732-528-4521	1
732-755-1834	1
732-792-3874	1
732-839-2701	1
732-902-9236	1
732-970-9334	1
7322010544	1
7322039603	1
7322051325	1
7322185730	1
7322201908	1
7322228642	1
7322232373	1
7322233666	1
7322255565	1
7322257872	1
7322260252	1
7322302756	1
7322460217	1
7322481155	1
7322490008	1
7322529648	1
7322541226	1
7322542298	1
7322577282	1
7322687748	1
7322749510	1
7322762178	1
7322769401	1
7322821102	1
7322843853	1
7322873082	1
7322901688	1
7322907115	1
7322977220	1
7323039007	1
7323052861	1
7323130018	1
7323240889	1
7323299032	1
7323321900	1
7323356121	1
7323400111	1
7323778612	1
7323794143	1
7323838391	1
7323887078	1
7323907118	1
7323981699	1
7323999513	1
7324041335	1
7324041517	1
7324090927	1
7324107511	1
7324128586	1
7324141487	1
7324224667	2
7324284626	1
7324404303	1
7324410529	1
7324423331	1
7324533835	1
7324558382	1
7324695200	1
7324940028	1
7324944611	1
7325107839	1
7325129549	1
7325185164	1
7325287895	1
7325314059	1
7325459425	1
7325496041	1
7325689012	1
7325743723	1
7325795919	1
7325955235	1
7326015747	1
7326132700	1
7326266289	1
7326363645	1
7326365605	1
7326391507	1
7326400771	1
7326405576	1
7326431422	1
7326472611	1
7326509122	1
7326530241	1
7326591034	1
7326596036	1
7326767833	1
7327103956	1
7327385154	1
7327386658	1
7327395391	1
7327418170	1
7327478061	1
7327480655	1
7327521335	1
7327589010	1
7327670015	1
7327740049	1
7327770040	1
7327808823	1
7327820404	1
7327830314	1
7328100381	1
7328214172	1
7328215099	1
7328281370	1
7328289901	1
7328390448	1
7328531720	1
7328623279	1
7328661839	1
7328699185	1
7328731168	1
7328750239	1
7328820055	1
7329026755	1
7329029585	1
7329066630	1
7329070656	1
7329092356	1
7329092444	1
7329092609	1
7329180869	1
7329184666	1
7329385361	1
7329386345	1
7329427758	1
7329474106	1
7329519002	1
7329525136	1
7329690187	1
7329705573	1
7329707981	1
7346386652	1
7348270230	1
7349026017	1
7427420067	1
7573988408	1
7574320502	1
7608756997	1
7702343823	1
7702425922	1
7703699100	1
7725894569	1
7729258710	1
773-384-0231	1
773-945-2776	1
7744135411	1
7752553044	1
7759235289	1
7759242532	1
781-986-3834	1
7812243876	1
7812503100	1
7818343322	1
7818787736	1
7819829226	1
786-409-3702	1
7868458531	1
800-343-9170	1
800-373-6015	1
800-685-1122	1
800-813-7122	1
800-923-6846	1
8002389604	1
8002573329	1
8003044891	1
8003070408	1
8003141214	1
8003402303	1
8003696401	1
8004075126	1
8004141042	1
8004752108	1
8004919323	1
8005146332	1
8005265808	1
8005409927	1
8005678026	1
8005914345	1
8006057620	1
8006082760	1
8006275194	1
8006552402	1
8006750395	1
8006814591	1
8006909550	1
8007477980	1
8007631342	1
8007686610	1
8007725129	1
8007728304	1
8007866037	1
8008232990	1
8008278584	1
8008645457	1
8008919005	1
8009821229	1
8009862392	1
8009920818	1
8017080844	1
802-356-5313	1
8028612717	1
8032517613	1
8043785436	1
8053097534	1
8124235499	1
8135276010	1
8135543351	1
8154692131	1
8158464059	1
8162211310	1
817-732-5997	1
8188440806	1
8188845304	1
8284120285	1
8324150595	1
8442087400	1
8442127272	1
8443550080	1
8448431714	1
8448656990	1
845-214-0180	1
845-291-7032	1
845-352-2825	1
845-358-1287	1
845-359-5189	1
845-496-6467	1
845-503-2354	1
845-528-4196	1
845-615-9149	1
845-627-6523	1
845-682-0182	1
845-746-4600	1
845-803-8266	1
845-853-1493	1
8452025034	1
8452150330	1
8452155196	1
8452159489	1
8452256631	1
8452285450	1
8452550276	1
8452581545	1
8452582103	1
8452652273	1
8452654428	1
8452670454	1
8452671234	1
8452681021	1
8452685455	1
8452707315	1
8452785922	1
8452786135	1
8452794398	1
8452796838	1
8452917106	1
8452972226	1
8453022187	1
8453061814	1
8453196111	1
8453354105	1
8453368245	1
8453382008	1
8453382556	1
8453383058	1
8453483900	1
8453504009	1
8453531614	1
8453532599	1
8453533030	1
8453538333	1
8453541254	1
8453548448	1
8453568897	1
8453570130	1
8453575544	1
8453577192	1
8453587342	1
8453631849	1
8453640264	1
8453650570	1
8453653625	1
8453655807	1
8453690946	1
8453831946	1
8453865690	1
8453981017	1
8454069096	1
8454148377	1
8454348668	1
8454522071	1
8454575070	1
8454621613	1
8454636910	1
8454674684	1
8454732153	1
8454771067	1
8454805423	1
8454851083	1
8454852483	1
8454961985	1
8454992354	1
8455032512	1
8455071138	1
8455071185	1
8455174477	1
8455330101	1
8455342229	1
8455344560	1
8455539199	1
8455612852	1
8455660520	1
8455667471	1
8455668589	1
8455691291	1
8456103996	1
8456145382	1
8456210814	1
8456213075	1
8456223577	1
8456236908	1
8456240531	1
8456242121	1
8456245509	1
8456338030	1
8456340320	1
8456343733	1
8456348554	1
8456382205	1
8456391893	1
8456735823	1
8456775675	1
8456806012	1
8456845823	1
8456931893	1
8456947770	1
8456975120	1
8457080111	1
8457352064	1
8457357256	1
8457428276	1
8457444281	1
8457588729	1
8457747306	1
8457748139	1
8457785051	1
8457812450	1
8457816797	1
8457862317	1
8458275711	1
8458319307	1
8458390245	1
8458392797	1
8458493739	1
8458531493	1
8458537841	1
8458681239	1
8458880580	1
8458962661	1
8459131477	1
8459139179	1
8459201871	1
8459473149	1
8459567010	1
8459860399	1
847-807-4206	1
8482600184	1
8552154816	1
8552289861	1
8552650137	1
8552899669	1
8554652554	1
8554954622	1
8555587873	1
8555603625	1
8555767633	1
8555994912	1
8556627788	1
8556710210	1
8557803185	1
8558470867	1
8558749596	1
8562238886	1
8562346697	1
8562622336	1
8563025735	1
8563105501	1
8563238432	1
8563848351	1
8564613996	1
8565417243	1
8566926797	1
8566949403	1
8567355513	1
8567570082	1
8568120177	1
8569631604	1
8573127609	1
8587648401	1
8588761950	1
8595544100	1
860-354-3910	1
8602477206	1
8602516804	1
8602568484	1
8602662149	1
8605646562	1
8606936651	1
8608289354	1
8608635662	2
8608991267	1
8609569707	1
8622444396	1
8622494494	1
8624440368	1
8627634622	1
8627816101	1
8629553095	1
866-263-2698	1
866-304-2299	1
866-315-9251	1
866-374-7561	1
866-422-4858	1
866-433-4454	1
866-542-1385	1
866-567-4518	1
866-732-0292	1
8662024749	1
8662036654	3
8662212589	1
8662221818	1
8662397542	1
8662521251	1
8662609274	1
8662676194	1
8662700880	1
8662779342	1
8662818479	1
8662838547	1
8662867108	1
8662979069	1
8663379054	1
8663654284	1
8663661336	1
8663844482	1
8663902815	1
8664001250	1
8664056520	1
8664071154	1
8664373411	1
8664390395	1
8664417865	1
8664486226	1
8664493461	1
8664506766	1
8664620012	1
8664712997	1
8664758561	1
8664917416	1
8665122848	1
8665177413	1
8665193416	1
8665307004	1
8665402266	1
8665421781	1
8665984503	1
8666084546	1
8666151092	1
8666215989	1
8666389637	1
8666611055	1
8666710076	1
8666711038	1
8666757655	1
8667099814	1
8667141279	1
8667197199	1
8667242806	1
8667326510	1
8667509049	1
8667563689	1
8667610940	1
8667718110	1
8667804129	1
8668062303	1
8668071177	1
8668121207	1
8668178198	1
8668308484	1
8668419545	1
8668562133	1
8668710043	1
8668753417	1
8668870550	1
8668886173	1
8668899986	1
8668974574	1
8668984133	1
8668994277	1
8668994949	1
8669039331	1
8669061317	1
8669104588	1
8669233693	2
8669360822	1
8669362630	1
8669470392	1
8669930005	1
8669994043	1
8695274949	1
877-213-2640	1
877-530-7994	1
877-624-7510	1
877-838-8580	1
877-868-5073	1
877-890-1081	1
8772113314	1
8772428505	1
8772683128	1
8772717876	1
8772898343	1
8772942432	1
8773223866	1
8773349477	1
8773372276	1
8773648484	1
8773792110	1
8774147772	1
8774444006	1
8774819005	1
8774845726	1
8774934473	1
8774971307	1
8775032031	1
8775302509	1
8775411938	1
8775702519	1
8775850047	1
8776977492	1
8777008615	1
8777081782	1
8777192525	3
8777265888	1
8777323492	3
8777389786	1
8777842471	1
8777966103	1
8778148686	1
8778541342	1
8778586263	1
8778636592	1
8778728786	1
8778748942	1
8778917365	1
8779443339	1
888-249-1568	1
888-511-1601	1
888-663-4991	1
888-710-5380	1
888-896-4650	1
888-925-8725	1
888-979-9982	1
8882126383	1
8882240569	1
8882273559	1
8882503844	1
8882594547	1
8882743282	1
8882759926	1
8882837803	1
8882937930	1
8882950006	1
8883009429	1
8883019640	1
8883088444	1
8883118252	1
8883127263	1
8883161788	1
8883261283	1
8883472417	1
8883714204	1
8883851959	1
8883892684	1
8883896063	2
8883976754	1
8884063676	1
8884185874	1
8884297521	1
8884319136	1
8884345303	1
8884560135	1
8884587888	1
8884702824	1
8884906901	1
8884908885	1
8884969992	1
8885021698	1
8885028272	1
8885052236	1
8885194136	1
8885221599	1
8885375574	1
8885440270	1
8885446168	1
8885585742	1
8885756384	1
8885782798	1
8885890429	1
8885896805	1
8885971239	1
8886249797	1
8886285741	1
8886299701	1
8886318922	1
8886322672	1
8886462758	1
8886769176	1
8886797082	1
8886807257	1
8887150285	1
8887304016	1
8887450688	1
8887473247	1
8887589639	1
8887603384	1
8887619485	1
8887648889	1
8887731427	1
8888065151	1
8888115250	1
8888117250	1
8888180754	1
8888183237	1
8888289871	1
8888358936	1
8888500245	1
8888518929	1
8888538399	1
8888645776	1
8888656679	1
8888671786	1
8888701730	1
8888816199	1
8888830296	1
8888834891	1
8888861167	1
8889134032	1
8889337661	1
8889366753	1
8889585744	1
8889620004	1
8889683439	1
8889729826	1
8889807732	1
8889900626	1
8889958021	1
8889977539	1
9013586451	1
9042120190	1
9048076550	1
908-233-3451	1
908-548-0986	1
908-575-0085	1
9082061783	1
9082223617	1
9082413633	1
9082417875	1
9082536650	1
9082554213	1
9082587953	1
9082720494	1
9082861019	1
9082896266	1
9082921132	1
9082980702	1
9083688638	1
9084291625	1
9084311289	1
9084506194	1
9084694475	1
9084696215	1
9084696448	1
9084790064	1
9085253987	1
9085348656	1
9085767177	1
9086233109	1
9086546201	1
9086546605	1
9086583112	1
9086867180	1
9086878808	1
9086879211	1
9087078770	1
9087222688	1
9087227070	1
9087258114	1
9087505131	2
9087531168	1
9087537001	1
9087545224	1
9087548633	1
9087557595	1
9087563433	2
9087575050	1
9087886788	1
9087891609	1
9087898922	1
9088322121	1
9088340602	1
9088510485	1
9088625279	1
9088644401	1
9088792322	1
9088795365	1
9089645470	1
9089648835	1
9089941896	1
9089958955	1
9096270320	1
914-235-9301	2
914-241-1649	1
914-269-7102	1
914-271-0104	1
914-278-9450	1
914-371-7376	1
914-481-2007	1
914-610-7456	1
914-631-7105	1
914-631-7409	1
914-665-0869	2
914-674-2220	1
914-681-1334	1
914-699-7082	1
914-738-1014	1
914-747-6686	1
914-750-5820	1
914-909-5612	1
914-931-6117	1
914-937-7508	1
914-960-9041	1
914-992-8004	1
9142005805	1
9142027428	1
9142070464	1
9142071376	1
9142078004	1
9142078696	1
9142078719	1
9142145450	1
9142190919	1
9142229071	1
9142268829	1
9142350463	1
9142371689	1
9142376620	1
9142381690	1
9142386337	1
9142398569	1
9142440068	1
9142440667	1
9142486820	1
9142714617	1
9142734437	1
9142736296	1
9142789240	1
9142859225	1
9142880807	1
9142904902	1
9142931562	1
9142937000	1
9142973033	1
9143013269	1
9143015857	1
9143022909	1
9143029198	1
9143054576	1
9143326478	1
9143327659	1
9143377257	1
9143411241	1
9143450045	1
9143450370	1
9143451501	1
9143458667	1
9143474668	1
9143474870	1
9143475782	1
9143552071	1
9143552443	1
9143552799	1
9143568339	1
9143572035	1
9143572412	1
9143580572	1
9143581577	1
9143586402	1
9143647917	1
9143652527	1
9143664111	1
9143750530	1
9143751891	1
9143762666	1
9143767401	1
9143768887	1
9143770302	1
9143806475	1
9143812064	1
9144008580	1
9144075017	2
9144222504	1
9144285063	1
9144375455	1
9144578246	1
9144623348	2
9144623780	1
9144680801	1
9144722957	1
9145002313	1
9145242358	1
9145281417	1
9145330009	1
9145397068	1
9145602153	1
9145604133	1
9145746027	1
9145746272	1
9145766609	1
9145768837	1
9145769040	1
9145826317	1
9145920522	1
9145924971	1
9146107695	1
9146124037	1
9146304663	1
9146307470	1
9146318273	1
9146321066	1
9146322645	1
9146331415	1
9146335287	1
9146364548	1
9146549386	1
9146631267	1
9146635108	1
9146637605	1
9146639042	1
9146640329	1
9146644433	1
9146648445	1
9146648772	1
9146650080	1
9146650869	1
9146655651	1
9146658384	1
9146659079	1
9146659505	1
9146659737	1
9146669503	1
9146670415	1
9146670934	1
9146671783	1
9146672400	1
9146672893	1
9146674281	1
9146677700	1
9146677890	1
9146679233	1
9146684688	1
9146684721	1
9146698554	1
9146826794	1
9146846561	1
9146867103	1
9146974932	1
9146983939	1
9146988118	2
9146991134	1
9146996279	1
9146996865	1
9146998920	1
9146999922	1
9147257038	1
9147291093	1
9147309807	1
9147342851	1
9147366104	1
9147388072	1
9147403612	1
9147411162	1
9147411253	1
9147470103	1
9147472960	1
9147474500	1
9147513297	1
9147523532	1
9147622281	1
9147624947	1
9147625299	1
9147645746	1
9147650538	1
9147673227	1
9147691976	1
9147694470	1
9147716018	1
9147776404	1
9147798768	1
9147881101	1
9147887121	1
9147889214	3
9147934705	1
9147935991	1
9147938989	1
9148014515	1
9148015040	1
9148195508	1
9148215111	1
9148259245	1
9148310668	1
9148317088	1
9148330044	1
9148340375	1
9148347566	1
9148355947	1
9148356221	1
9148620805	1
9148624052	1
9148850074	1
9149093941	1
9149253570	1
9149304043	1
9149311139	1
9149347734	1
9149370741	1
9149377582	1
9149391090	1
9149398101	1
9149412944	2
9149444609	1
9149466972	1
9149622445	1
9149622594	1
9149624500	1
9149625885	1
9149633055	1
9149642959	1
9149650558	1
9149660498	1
9149690070	1
9149690785	1
9149928449	1
9149979401	1
9149996101	1
917-533-3419	1
917-591-1259	1
917-591-8781	1
917-599-3353	1
917-708-5502	1
917-979-4545	1
9172102944	1
9172102973	1
9172104242	1
9172371663	1
9172544641	1
9172544663	1
9173002111	1
9173002717	1
9173106071	1
9173639655	1
9173715567	1
9173823650	1
9173878313	1
9173879124	1
9173977242	1
9173981325	1
9173988836	1
9174090995	1
9174120358	1
9174230493	1
9174607334	1
9174630302	1
9174709388	1
9174737929	1
9174931691	1
9175084826	1
9175172984	1
9175202565	1
9175252562	1
9175590406	1
9175614108	1
9175635009	1
9175911713	1
9175912419	1
9175912524	1
9175912528	1
9175912719	1
9175912809	1
9175912934	1
9175913455	1
9175914388	1
9175915104	1
9175915375	1
9175915860	1
9175916950	1
9175917383	1
9175917907	1
9175918255	1
9175919618	1
9175951727	1
9175954913	1
9176176455	1
9176213155	1
9176319502	1
9176334957	1
9176524544	1
9176680008	1
9176775413	1
9176777133	1
9176904111	1
9177220851	2
9177222356	1
9177256808	1
9177258219	1
9177327764	1
9177498429	1
9177918916	1
9177919595	1
9177919943	1
9177924688	1
9177924890	1
9177934099	1
9178010315	1
9178010400	1
9179478360	1
9179661779	1
9179662549	1
9179669243	1
9192377468	1
9194653884	1
9253567956	1
9258864480	1
9259241405	1
9259273330	1
9289624972	1
929-294-9395	1
9292100268	1
9292107549	1
9292205671	1
9292240738	1
9292343923	1
9293339664	1
9295220081	1
9295296079	1
9295296303	1
9295756520	1
9373121346	1
9497539014	1
9518489983	1
9529346184	1
9543183091	1
9544629089	1
9547922221	1
9703150394	2
973-257-0400	1
973-291-4458	1
973-304-4071	1
973-386-0313	1
973-465-3851	1
973-478-7604	1
973-812-8640	1
973-833-0298	1
9732264160	1
9732401818	1
9732420530	1
9732421044	1
9732421612	1
9732422955	1
9732449787	1
9732562072	1
9732591985	1
9732731466	1
9732922993	1
9733009793	1
9733165899	1
9733257360	1
9733277002	1
9733280727	1
9733319055	1
9733352900	1
9733352966	1
9733357710	1
9733387076	1
9733404423	1
9733419093	1
9733442297	1
9733451975	1
9733455480	1
9733472261	1
9733474588	1
9733500123	1
9733530994	1
9733681025	1
9733773090	1
9733838308	1
9733891189	1
9734272429	1
9734291801	1
9734293010	1
9734470937	1
9734505164	2
9734508301	1
9734708997	1
9734735056	1
9734754601	1
9734810422	2
9734820750	1
9735006041	1
9735122244	1
9735152006	1
9735217981	1
9735428329	1
9735428388	1
9735473334	1
9735561090	1
9735712240	1
9735740020	1
9735754558	1
9735756293	1
9735757464	1
9735847545	1
9735883123	1
9735887079	1
9735956190	1
9735999399	1
9736220655	1
9736223423	1
9736242066	1
9736270324	1
9736291414	1
9736434340	1
9736451882	1
9736676461	1
9736731911	1
9736732433	1
9736737224	1
9736748559	1
9736766808	1
9736786112	1
9736791508	1
9736828439	1
9736899115	1
9737206456	1
9737267986	1
9737295824	1
9737298320	1
9737320657	1
9737339558	1
9737362768	1
9737832129	1
9737908948	1
9737943998	1
9738079100	1
9738079238	1
9738084095	1
9738229221	1
9738288034	1
9738378402	1
9738388633	1
9738431665	1
9738441887	1
9738496431	1
9738600756	1
9738600882	1
9738602424	1
9738673669	1
9738782762	1
9738820883	1
9738844103	1
9738935962	1
9739008810	1
9739099923	1
9739120342	1
9739219210	1
9739231585	1
9739265102	1
9739285117	1
9739400041	1
9739403146	1
9739710209	1
9739778911	1
9739885478	1
9739928852	1
9739951565	1
978-378-0910	1
9782562002	1
9783739817	1
9786871540	1
9787400097	1
9797789389	1
9856520572	1
999-999-9999	2
999999999	2
9999999999	39
99999999999	1
999999999999	1
