zip
00909	1
01002	1
01104	1
01109	1
01519	1
01532	1
01585	1
01746	1
01801	1
01810	1
01832	1
01844	2
01940	1
02054	1
02061	1
02110	1
02131	1
02135	1
02138	1
02139	1
02142	1
02152	1
02186	1
02322	1
02339	1
02368	1
02370	1
02446	1
02452	1
02453	1
02458	1
02472	1
02536	1
02806	1
02857	1
02864	1
02903	1
02906	1
02908	1
02914	1
03062	1
03063	1
03087	2
03801	1
04101	1
04416	1
04915	1
05401	1
06033	1
06037	1
06044	1
06057	1
06067	2
06074	1
06105	1
06110	1
06144	1
06320	1
06443	1
06450	1
06461	1
06470	1
06471	1
06473	1
06482	1
06489	1
06492	1
06511	1
06512	2
06524	1
06604	1
06606	1
06607	2
06612	1
06615	2
06754	1
06776	2
06790	1
06800	1
06801	4
06810	2
06813	1
06820	1
06824	1
06830	1
06840	2
06851	2
06854	3
06877	1
06880	1
06883	1
06890	1
06897	1
06901	1
06902	3
06903	1
06905	4
07002	2
07003	4
07004	14
07008	2
07009	2
07010	5
07011	2
07012	5
07013	7
07016	3
07017	1
07018	4
07020	5
07022	1
07024	7
07026	2
07028	1
07030	10
07031	4
07032	2
07033	3
07036	8
07039	2
07040	1
07042	3
07043	4
07045	3
07046	2
07047	10
07050	3
07052	4
07054	4
07055	2
07058	2
07059	1
07060	5
07063	1
07065	6
07068	1
07070	3
07071	3
07072	3
07073	2
07074	2
07078	1
07079	1
07080	7
07082	1
07083	9
07086	2
07087	9
07088	1
07090	2
07092	6
07093	8
07094	3
07095	4
07102	9
07103	10
07104	3
07105	1
07106	2
07107	4
07109	6
07110	4
07111	6
07114	3
07201	3
07202	2
07203	1
07204	1
07205	2
07206	1
07207	1
07208	3
07302	14
07304	1
07305	5
07306	7
07307	9
07310	3
07311	1
07405	3
07407	4
07410	4
07417	3
07424	1
07430	2
07432	1
07436	1
07438	1
07444	1
07446	4
07450	2
07452	2
07456	1
07458	1
07461	1
07465	1
07470	3
07474	1
07495	1
07501	1
07502	1
07506	4
07512	4
07514	1
07524	2
07538	1
07601	16
07603	1
07604	2
07606	1
07609	1
07621	2
07624	5
07626	1
07630	1
07631	5
07632	5
07640	1
07643	1
07644	3
07645	2
07647	4
07650	5
07652	3
07657	1
07660	1
07662	2
07663	3
07666	11
07670	1
07675	4
07677	1
07701	4
07702	2
07704	1
07711	1
07712	2
07717	1
07724	4
07726	6
07727	5
07728	5
07730	2
07731	2
07733	4
07735	5
07746	1
07747	4
07748	1
07751	4
07753	3
07755	2
07757	1
07801	4
07822	1
07828	2
07830	1
07834	2
07836	1
07840	1
07847	1
07850	1
07857	1
07866	4
07871	7
07901	2
07920	2
07922	3
07924	2
07927	3
07928	1
07930	2
07932	4
07936	4
07940	1
07945	1
07950	1
07960	2
07974	1
07980	1
08002	2
08005	1
08012	1
08016	1
08035	1
08036	3
08037	2
08043	1
08045	1
08046	1
08054	5
08055	1
08056	1
08057	2
08060	1
08062	1
08069	1
08077	2
08081	1
08085	1
08088	2
08094	1
08096	1
08097	1
08103	1
08104	1
08221	2
08322	1
08332	1
08406	1
08505	1
08510	1
08512	8
08514	1
08520	3
08525	1
08527	2
08533	1
08536	4
08540	13
08542	1
08550	5
08558	2
08562	1
08608	1
08609	1
08611	2
08619	3
08638	2
08648	1
08690	1
08691	4
08701	2
08724	1
08731	2
08736	5
08742	1
08753	1
08802	1
08805	3
08807	5
08812	1
08816	8
08817	12
08820	9
08822	4
08823	1
08827	1
08830	10
08831	3
08836	1
08837	4
08840	3
08844	6
08845	1
08846	1
08848	1
08852	3
08854	13
08857	2
08859	1
08862	1
08863	2
08873	11
08876	7
08879	1
08882	1
08901	6
08902	13
10001	197
10002	26
10003	52
10004	76
10005	52
10006	35
10007	34
10009	27
10010	69
10011	61
10012	41
10013	82
10014	28
10016	123
10017	81
10018	152
10019	48
10020	6
10021	14
10022	59
10023	38
10024	23
10025	54
10026	37
10027	82
10028	21
10029	33
10030	28
10031	32
10032	23
10033	23
10034	20
10035	36
10036	75
10037	18
10038	64
10039	14
10040	8
10044	5
10053	1
10065	11
10069	5
10075	8
10105	2
10106	1
10110	1
10111	2
10116	1
10118	5
10119	4
10120	8
10121	1
10122	5
10123	5
10128	20
10150	1
10151	4
10152	1
10153	1
10154	1
10155	1
10165	4
10166	5
10167	4
10168	3
10169	7
10170	5
10172	1
10173	1
10174	1
10175	1
10176	3
10177	4
10271	6
10276	1
10279	5
10280	9
10281	2
10282	1
10301	32
10302	17
10303	21
10304	30
10305	15
10306	18
10307	5
10308	9
10309	27
10310	14
10311	1
10312	21
10314	39
10451	26
10452	17
10453	20
10454	36
10455	18
10456	21
10457	32
10458	19
10458-4455	1
10459	16
10460	24
10461	33
10462	38
10463	29
10464	6
10465	15
10466	38
10467	37
10467-8550	1
10468	17
10469	60
10470	9
10471	10
10472	14
10473	27
10474	31
10475	15
10478	1
10501	1
10502	5
10504	5
10506	4
10507	2
10509	9
10510	5
10511	1
10512	8
10514	2
10516	3
10517	1
10518	1
10520	5
10522	2
10523	14
10528	8
10530	8
10532	2
10533	1
10536	3
10538	11
10541	9
10543	11
10549	10
10550	53
10552	11
10553	15
10560	2
10562	12
10566	12
10567	9
10570	2
10573	11
10579	1
10580	7
10583	11
10588	1
10589	2
10591	12
10594	3
10595	3
10598	11
10601	18
10603	6
10604	2
10605	8
10606	4
10607	6
10701	19
10703	6
10704	16
10705	8
10707	5
10708	6
10709	2
10710	19
10801	32
10802	1
10803	10
10804	10
10805	5
10901	8
10916	2
10920	4
10922	1
10923	4
10924	3
10925	2
10926	2
10930	2
10940	6
10941	4
10950	5
10952	2
10954	9
10956	15
10960	13
10962	1
10964	1
10965	4
10969	1
10970	3
10973	1
10977	11
10980	3
10981	1
10983	5
10986	1
10987	2
10989	4
10990	8
10992	1
10993	1
10994	2
11001	28
11003	28
11004	8
11010	7
11020	4
11021	18
11023	3
11024	1
11030	5
11038	1
11040	39
11042	4
11050	13
11096	3
11101	112
11102	13
11103	20
11104	16
11105	21
11106	29
11109	3
11201	116
11202	2
11203	52
11204	20
11205	42
11206	49
11207	51
11208	35
11209	14
11210	37
11211	34
11212	30
11213	27
11214	31
11215	78
11216	50
11217	45
11218	48
11219	17
11220	34
11221	45
11222	51
11223	24
11224	4
11225	55
11226	42
11226-2302	1
11228	16
11229	10
11230	38
11231	46
11232	40
11233	59
11234	66
11235	30
11236	58
11237	20
11238	74
11239	7
11241	2
11242	3
11246	1
11249	24
11251	1
11354	44
11355	15
11356	32
11357	27
11358	27
11360	6
11361	28
11362	3
11363	3
11364	12
11365	25
11366	7
11367	15
11368	15
11369	18
11370	20
11372	25
11373	33
11374	16
11375	44
11377	38
11378	28
11379	10
11382	1
11385	32
11411	24
11412	31
11413	50
11414	5
11415	6
11416	18
11417	15
11418	34
11419	53
11420	38
11421	12
11422	32
11423	21
11426	17
11427	16
11428	19
11429	22
11430	1
11432	33
11433	25
11434	61
11435	50
11436	20
11456	1
11491	1
11501	19
11507	10
11509	2
11510	17
11514	1
11516	4
11518	5
11520	32
11530	23
11542	10
11545	5
11550	17
11552	16
11553	12
11554	13
11556	9
11557	10
11558	3
11559	3
11560	2
11561	9
11563	17
11565	5
11566	9
11568	2
11569	1
11570	18
11572	14
11575	5
11576	6
11577	7
11579	2
11580	28
11581	13
11590	30
11596	4
11691	15
11692	12
11693	4
11694	7
11701	17
11702	5
11704	12
11705	4
11706	23
11709	4
11710	11
11713	3
11714	9
11716	15
11717	7
11719	1
11720	5
11721	1
11722	6
11724	4
11725	10
11726	6
11727	4
11729	28
11730	2
11731	6
11733	9
11735	36
11738	1
11739	1
11740	2
11741	8
11742	3
11743	14
11746	35
11747	23
11749	10
11751	6
11753	8
11754	3
11755	3
11756	11
11757	11
11758	5
11762	3
11763	9
11764	2
11766	5
11767	4
11768	5
11771	3
11772	10
11776	5
11777	3
11778	1
11779	14
11780	1
11782	4
11783	3
11786	4
11787	10
11788	11
11790	3
11791	21
11792	2
11793	7
11794	1
11795	4
11797	1
11798	7
11801	47
11803	16
11901	5
11932	2
11933	3
11934	2
11935	2
11937	2
11940	1
11942	1
11944	1
11949	1
11950	1
11951	1
11952	2
11953	2
11954	2
11955	1
11958	1
11959	1
11961	2
11963	2
11964	1
11967	5
11968	3
11972	3
11975	1
11977	1
11978	1
11980	4
12009	1
12010	1
12020	2
12051	2
12054	1
12056	1
12060	2
12065	7
12077	1
12078	2
12084	1
12110	4
12118	1
12122	1
12123	1
12144	3
12151	1
12154	1
12158	1
12159	1
12183	1
12184	1
12186	1
12188	1
12189	2
12202	2
12203	6
12204	3
12205	9
12206	2
12207	6
12209	1
12210	2
12211	2
12212	1
12305	2
12306	2
12307	1
12309	4
12401	6
12402	1
12404	1
12416	1
12420	1
12463	1
12466	1
12477	1
12484	2
12498	2
12508	2
12513	1
12514	1
12515	1
12524	3
12528	1
12533	2
12534	2
12545	1
12549	2
12550	8
12553	6
12561	3
12563	4
12564	1
12566	1
12571	3
12572	1
12575	1
12577	1
12578	1
12580	1
12581	1
12583	1
12586	3
12588	1
12589	1
12594	1
12601	11
12603	4
12738	1
12740	1
12754	1
12764	1
12771	2
12775	1
12779	2
12785	1
12801	1
12817	1
12827	1
12866	6
12903	1
12993	1
13021	1
13032	1
13037	1
13053	1
13057	4
13066	1
13077	2
13088	2
13104	1
13120	1
13131	1
13148	1
13152	2
13202	4
13203	1
13204	2
13205	2
13206	3
13209	1
13210	2
13211	1
13214	1
13224	1
13319	1
13413	2
13431	1
13440	2
13501	3
13502	3
13503	1
13603	1
13617	1
13624	1
13697	1
13746	1
13748	1
13753	2
13760	2
13790	1
13850	1
13901	4
13903	3
13904	1
14004	3
14020	1
14031	1
14048	2
14051	3
14057	1
14086	3
14120	2
14127	2
14150	1
14202	6
14203	5
14207	2
14208	3
14209	3
14210	1
14214	3
14215	5
14216	2
14217	2
14218	1
14221	2
14222	3
14223	2
14225	1
14226	3
14228	1
14231	1
14303	1
14304	1
14305	1
14445	1
14450	3
14472	1
14514	1
14517	1
14526	2
14534	2
14546	1
14550	1
14564	2
14580	5
14586	1
14604	2
14605	3
14606	5
14607	3
14608	3
14609	1
14610	1
14611	2
14612	1
14614	3
14617	1
14618	1
14619	2
14620	3
14623	2
14624	1
14625	1
14701	2
14731	1
14732	1
14760	1
14806	1
14810	1
14830	1
14845	1
14850	3
14852	1
15068	1
15102	1
15108	1
15136	2
15206	1
15212	1
15214	1
15216	1
15219	1
15241	1
15642	1
16509	1
17522	1
18014	1
18020	1
18055	1
18067	1
18301	1
18360	1
18370	1
18411	1
18707	1
18901	1
18966	1
18974	1
19002	1
19003	2
19004	1
19007	1
19010	1
19030	2
19032	1
19034	1
19044	1
19047	1
19053	1
19064	1
19076	1
19086	1
19090	1
19096	1
19101	1
19102	2
19103	7
19104	1
19106	2
19110	1
19112	1
19115	1
19118	1
19125	2
19130	2
19145	1
19147	1
19151	1
19154	1
19178	1
19312	1
19320	1
19342	1
19373	1
19406	1
19422	2
19426	1
19460	1
19464	1
19465	1
19709	1
19720	2
19801	1
19802	1
19807	1
19823	1
19904	1
19940	1
20001	1
20003	2
20005	3
20006	3
20009	1
20011	2
20016	1
20018	1
20036	3
20109	1
20147	1
20151	1
20152	1
20155	1
20165	1
20190	1
20191	1
20607	1
20677	1
20705	1
20706	2
20708	2
20744	1
20770	1
20850	2
20852	1
20854	1
20878	1
20879	1
20895	2
20910	1
21001	1
21043	1
21044	1
21046	2
21157	1
21162	1
21218	1
21222	1
21223	1
21236	1
21244	1
21401	2
22101	1
22102	1
22150	1
22182	3
22193	1
22207	1
22312	1
22314	1
22406	1
23228	1
23322	1
23434	1
23462	1
24592	1
25705	1
27106	1
27511	1
27514	1
27560	1
27571	1
27606	1
27709	1
28079	1
28081	1
28173	1
28269	1
28805	1
29201	1
29680	1
29841	1
30005	2
30075	1
30076	1
30080	1
30082	1
30087	1
30092	1
30097	2
30107	1
30309	1
30328	1
30339	2
30344	1
30346	1
30518	1
30720	1
32162	1
32202	1
32206	1
32211	1
32246	1
32347	1
32803	1
32832	1
32963	1
33016	1
33021	1
33125	1
33126	1
33132	1
33142	1
33174	1
33193	1
33309	1
33311	1
33314	1
33315	1
33418	1
33458	1
33618	1
33635	1
33702	1
33707	1
33803	1
34116	1
34120	1
34241	1
34639	1
34711	1
34715	1
34997	1
36804	1
37027	1
37122	1
40067	1
40220	1
43204	1
43215	1
43235	1
44128	1
44139	3
44505	1
45050	1
45237	1
45459	1
46037	1
46268	1
46616	1
46804	1
47713	1
48036	1
48197	1
48226	1
48228	1
48238	1
49770	1
53202	1
53211	1
54986	1
55101	1
55108	1
55340	1
55403	2
55408	1
55426	1
55428	1
55438	1
60101	1
60103	1
60107	1
60160	2
6033	1
60423	1
60430	1
60448	2
60475	1
60523	1
60559	1
60563	1
60601	1
60602	2
60603	2
60605	1
60606	2
60609	1
60610	2
60615	1
60641	1
60654	1
60661	1
61265	1
62704	2
63043	1
63101	1
63112	1
63146	1
6357	1
64151	1
66049	1
7001	1
70068	1
70112	1
70118	1
70124	1
70130	3
7033	1
7065	1
7071	1
70815	1
7090	1
7094	1
7205	1
73072	1
73099	1
75052	1
75060	1
75206	1
75237	1
75247	1
76014	1
76092	1
76109	1
7644	1
77010	1
77063	1
77099	1
77336	1
77380	1
77459	1
77803	1
78202	1
78248	1
78738	1
78750	1
7934	1
80003	1
80401	1
80538	1
83702	1
85142	1
85226	1
85251	1
85262	1
85383	1
85718	1
87327	1
87722	1
89134	1
89451	1
89523	1
90017	1
90024	1
90036	1
90046	1
90049	1
90064	1
90247	1
90605	1
91101	1
91203	1
91710	1
91723	1
91731	1
91792	1
92121	1
92201	1
92614	1
92618	2
92626	3
92660	1
92831	1
92880	1
92887	1
93301	1
93721	1
94104	1
94107	1
94111	1
94401	1
94520	1
94560	1
94565	1
94588	1
94607	2
94612	2
94710	2
95113	1
95129	1
95138	1
96734	1
97005	1
98004	1
98005	1
98023	1
98027	1
98052	1
98136	1
98290	1
98406	1
