zip
0	24
01020	1
01266	1
01801	4
01803	1
01945	2
02109	1
02110	1
02116	10
02118	4
02420	1
02445	1
03110	1
03458	1
03842	1
05303	1
05656	1
06058	1
06095	1
06281	2
06443	3
06510	1
06511	11
06524	1
06757	1
06783	2
06795	4
06807	10
06824	4
06825	1
06830	4
06831	2
06840	3
06873	2
06879	1
06880	10
06902	3
06903	1
07007	1
07010	1
07012	1
07024	14
07030	12
07035	1
07040	2
07041	1
07047	3
07054	5
07055	1
07057	4
07060	1
070632	1
07070	1
07071	1
07072	3
07078	9
07079	4
07080	1
07083	1
07090	2
07092	4
07094	17
07095	1
07096	1
07097	1
07102	2
07104	2
07109	13
07204	6
07205	9
07206	1
07207	1
07208	1
07302	3
07303	1
07306	1
07311	8
07407	1
07424	5
07432	2
07446	3
07450	1
07470	1
07474	1
07481	1
07512	6
07624	10
07626	2
07631	16
07632	29
07640	1
07643	1
07646	1
07648	1
07653	2
07661	1
07666	6
07670	1
07675	4
07702	1
07712	1
07728	4
07732	2
07733	2
07746	4
07753	2
07762	1
07920	3
07921	2
07928	1
07931	1
07936	8
07950	1
07960	14
07970	2
08048	1
08527	3
08540	1
08542	1
08701	14
08816	1
08818	4
08830	1
08854	3
08861	1
08882	1
08901	1
100	1
10000	73
10001	5865
10002	672
10003	9479
10003-1402	1
10004	1108
10005	1429
10006	659
10007	3038
10008	39
10009	262
1001	1
10010	4272
10011	6737
10012	9519
10013	9538
10013-0980	1
10014	8245
10015	45
10016	7643
10016-2203	1
10017	13837
10018	4253
10019	8753
1002	1
10020	459
10021	11193
10022	9283
10023	9588
10024	8850
10024-1011	1
10024-1705	3
10024-7160	1
10025	2878
10026	326
10027	938
10028	1752
10029	186
1003	2
10030	299
10030-1797	3
10031	807
10032	271
10033	103
10034	49
10035	124
10036	3067
10036-8502	1
10037	85
10038	2778
10039	86
10040	18
10041	89
10042	1
10044	50
10045	1
10046	1
10048	12
10050	1
10051	2
10052	3
10053	1
10054	2
10055	8
10056	4
10057	1
10058	3
10061	1
10062	5
10063	1
10064	2
10065	5272
10066	7
10067	1
10068	8
10069	24
10070	8
10072	1
10073	2
10074	1
10075	651
10076	1
10077	3
10078	2
10079	3
10080	1
10081	36
10082	1
10086	2
1009	1
10091	3
10093	1
10094	2
10096	1
10097	1
10100	6
10101	4
10102	1
10103	248
10104	71
10105	13
10106	120
10107	139
10108	7
10109	3
10110	289
10110-1799	4
10111	2321
10112	266
10113	27
10114	3
10115	19
10116	34
10117	14
10118	971
10119	266
10120	39
10121	16
10122	159
10123	373
10124	5
10125	8
10126	3
10127	4
10128	2982
10129	15
10130	2
10131	1
10140	2
10150	49
10151	205
10152	54
10153	215
10154	716
10155	336
10156	17
10157	3
10158	20
10159	29
10160	2
10163	33
10165	360
10166	126
10167	17
10168	348
10169	597
10170	915
10171	26
10172	229
10173	28
10174	246
10175	155
10176	73
10177	79
10178	29
10179	2
10180	3
10181	1
10185	3
10186	1
10188	4
10190	5
10199	3
10200	21
10201	7
10204	2
10207	1
10208	2
1021	1
10210	2
10211	1
10214	2
10215	1
10217	1
10218	2
1022	1
10220	5
10221	2
10222	1
10228	1
10230	2
10232	1
10233	1
10240	1
10241	1
10250	1
10253	1
10260	1
10266	2
10268	5
10271	40
10272	3
10274	17
10275	1
10276	27
10278	21
10279	111
10280	38
10281	81
10282	20
10286	62
103 16	1
10301	236
10302	36
10303	11
10304	151
10305	40
10306	123
10307	24
10308	5
10309	24
10310	33
10312	41
10314	150
10316	1
10321	2
10350	4
1038	1
10381	1
1039	1
10412	1
10421	5
10422	1
10428	1
10445	2
10446	2
10450	1
10451	112
10452	50
10453	65
10454	222
10455	113
10456	85
10457	50
10458	152
10459	68
10460	26
10461	43
10462	74
10463	127
10464	27
10465	6
10466	39
10467	34
10468	11
10469	14
10470	4
10471	491
10472	26
10473	62
10474	99
10475	15
10491	1
10502	3
10503	10
10504	15
10506	11
10507	32
10509	13
10510	23
10511	2
10512	2
10514	5
10520	3
10522	8
10523	25
10524	1
10526	2
10528	56
10530	530
10532	25
10533	3
10536	35
10538	40
1054	1
10541	3
10543	63
10549	70
10550	5
10552	9
10553	3
10560	6
10562	10
10566	2
10567	1
10570	3
10573	42
10576	22
10577	9
10580	69
10583	143
10587	1
10588	1
10589	2
10590	8
10591	84
10595	9
10597	2
10598	3
1060	3
10601	125
10603	8
10604	35
10605	60
10606	1
10607	8
10701	14
10704	96
10705	15
10706	7
10707	42
10708	59
10709	10
10710	13
1075	1
10801	641
10802	1
10803	22
10804	22
10805	1
10901	9
10911	1
10912	1
10913	2
10916	1
10920	12
10922	8
10925	1
10930	3
10940	2
1095	1
10950	5
10952	12
10956	32
10960	19
10962	14
10964	4
10965	10
10970	3
10974	2
10977	10
10980	1
10982	7
10987	5
10989	3
10990	9
10992	2
10994	19
10998	1
11001	94
11002	2
11003	17
11004	85
11005	13
11010	9
11011	1
11017	1
11020	30
11021	721
11022	38
11023	77
11024	49
11025	3
11027	1
1103	1
11030	220
11040	102
11042	144
11050	77
11100	4
11101	1314
11102	53
11103	122
11104	743
11105	88
11106	68
11109	3
11120	1
11136	1
11145	2
11200	6
11201	9820
11202	69
11203	45
11204	180
11205	1935
11206	66
11207	91
11208	31
11209	378
1121	1
11210	125
11211	458
11212	8
11213	437
11214	69
11215	4561
11216	947
11216-2103	2
11217	3490
11218	345
11219	331
11220	102
11221	59
11222	822
11223	124
11224	8
11225	981
11226	595
11227	5
11228	84
11229	100
11230	577
11231	1822
11232	117
11233	600
11234	147
11235	72
11236	55
11237	43
11238	3184
11239	14
11240	1
11241	161
11242	278
11243	7
11245	3
11248	2
11249	88
11251	9
11255	2
11301	2
11303	4
11305	1
11310	4
11312	1
11314	1
11317	1
11320	1
11321	1
11322	3
1133	1
11333	1
11335	1
11337	3
11346	2
11349	1
11351	1
11352	4
11353	1
11354	235
11355	41
11356	95
11357	148
11358	62
11359	2
11360	54
11361	142
11362	63
11363	1841
11364	79
11365	30
11366	22
11367	46
11368	415
11369	6
1137	1
11370	25
11371	6
11372	1743
11373	154
11374	366
11375	210
11376	2
11377	164
11378	107
11379	26
1138	1
11383	1
11385	319
11386	2
11387	1
11402	1
11411	1
11412	24
11413	4
11414	27
11415	42
11416	2
11417	19
11418	51
11419	17
11419-0906	1
11420	11
11421	12
11422	25
11423	46
11424	2
11426	6
11427	11
11428	16
11429	16
11430	1
11431	1
11432	162
11433	44
11434	82
11435	108
11501	22
11507	29
11509	20
11510	14
11514	42
11516	92
11518	7
11520	50
11530	134
11530-4435	2
11542	12
11545	28
11547	21
11550	33
11551	1
11552	3
11553	8
11554	9
11556	9
11557	21
11558	32
11559	36
11560	69
11561	40
11563	36
11565	9
11566	30
11568	30
11569	2
11570	57
11571	21
11572	14
11576	82
11577	30
11579	4
11580	31
11581	33
11582	18
11590	40
11596	12
11598	132
11601	3
11621	2
11631	1
11647	2
11681	1
11691	6
11692	4
11693	1
11694	36
11697	3
11701	27
11702	3
11703	2
11706	13
11709	1
11710	27
11713	5
11715	1
11717	9
11720	2
11721	3
11724	1
11725	35
11726	1
11727	1
11729	3
11730	22
11731	1
11732	1
11733	19
11735	24
11738	2
11740	2
11741	11
11743	39
11746	65
11747	69
11749	2
11752	2
11753	58
11754	3
11756	11
11757	2
11758	14
11758-4431	1
11762	1
11763	9
11764	1
11766	1
11767	7
11768	34
11771	12
11777	6
11778	3
11779	3
11782	2
11783	13
11786	4
11787	33
11788	30
11790	3
11791	42
11792	1
11793	3
11795	12
11797	16
11801	16
11802	2
11803	121
11804	1
11901	6
11930	11
11932	14
11933	6
11935	2
11937	6
11939	1
11942	6
11944	4
11946	17
11947	2
11949	9
11950	1
11952	8
11953	2
11954	2
11957	1
11958	3
11959	1
11963	29
11964	4
11965	9
11968	10
11969	2
11971	6
11975	2
11976	6
11977	8
11978	4
12010	3
12018	1
12054	2
12075	1
12078	1
12106	1
12110	19
12120	1
12147	2
12165	2
12167	1
12184	1
12200	1
12201	2
12202	1
12203	2
12207	17
12208	1
12210	4
12215	1
12217	1
12222	1
12229	1
12230	1
12234	2
12242	8
12246	5
12309	4
12401	5
12404	2
12414	2
12424	2
12457	1
12461	1
12471	2
12477	5
12484	1
12498	3
12502	1
12503	1
12514	2
12528	1
12529	4
12534	1
12545	4
12546	2
12549	3
12550	3
12563	1
12564	1
12567	3
12570	1
12571	2
12572	10
12578	2
12581	4
12589	2
12590	34
12601	2
1262	2
12750	1
12752	2
12758	6
12779	3
12790	1
12804	1
12834	3
12865	1
12926	3
12946	1
12950	1
12996	1
13159	1
13202	1
13214	2
13244	5
13326	1
13363	1
13410	1
13479	1
13501	1
13502	3
13503	4
13601	3
1373	4
13733	1
13747	1
13856	3
14043	1
14048	1
14069	1
14094	2
14267	1
14432	1
14526	5
14534	2
14610	5
14618	5
14850	3
15009	1
15010	1
15217	2
15219	13
15232	2
15301	1
1590	1
16801	1
17102	2
1730	3
1778	2
18015	7
18017	6
18018	22
1803	4
18034	1
18051	1
18058	1
1810	1
18105	1
18106	1
18301	2
18302	1
18324	1
18325	3
18343	4
18370	1
18428	2
1843	2
18443	1
18703	1
1879	1
18840	6
18920	1
19004	1
19010	6
19020	1
19027	3
19028	2
19046	4
19067	1
19085	12
19102	6
19103	9
19106	12
19107	1
19126	1
19127	4
19130	4
19143	2
1915	3
19312	7
19320	2
19402	1
19406	3
1945	3
19462	23
1949	1
1950	1
19610	1
19701	1
19801	5
19806	1
19807	3
19808	4
19901	3
19930	2
19945	1
20000	1
20001	3
20002	7
20003	5
20004	1
20005	2
20007	1
20008	4
20009	8
20011	1
20013	3
20015	1
20016	10
20024	1
20036	8
20037	2
20115	2
20118	3
20186	1
20191	1
20210	2
20211	1
2026	6
20260	2
2027	2
2043	7
20445	1
2054	1
20607	5
2062	6
20703	1
20782	2
20814	45
20815	11
20816	1
20817	20
20833	1
20852	9
20854	1
20855	4
20877	2
20886	4
20903	1
20906	5
20910	18
21044	3
2108	5
21085	2
2109	4
21093	1
21117	1
2114	3
2116	7
2118	2
21208	6
21209	2
21210	1
21218	2
21223	1
21230	2
2128	4
2132	1
2134	1
2138	9
2139	2
2140	2
2142	2
21613	5
21635	9
21663	6
21702	1
21704	1
21842	4
22030	1
22032	1
22033	3
22042	1
22066	1
2210	3
22101	4
22102	3
22103	2
22117	1
2212	2
22151	1
22180	1
22192	1
22201	7
22209	2
22307	1
22314	1
22554	4
22626	3
22646	30
22903	1
23059	3
23168	3
23219	2
23227	2
23310	1
23451	3
23452	3
23456	1
23510	1
23664	1
2445	2
2454	1
24740	1
2478	6
2481	12
2557	2
2564	1
2568	4
2575	2
2675	3
27106	2
27410	1
27609	1
27614	1
27615	15
27705	3
27707	4
2771	8
28002	1
28111	1
28202	4
28216	3
28262	1
28277	1
2840	7
28461	3
2860	1
28806	1
2886	1
2895	1
2905	1
2906	3
2909	2
2920	8
29451	1
29602	4
29716	1
30005	2
30076	10
30096	1
30253	1
30305	4
30316	1
30318	4
30319	3
30327	2
30328	1
30339	4
30342	4
30346	2
3102	1
3110	1
31320	2
31401	15
31412	13
32004	1
32073	4
32082	1
32092	1
32124	1
32137	2
32233	1
32250	1
32312	1
32506	1
32701	6
32801	1
32810	2
32819	1
32903	1
32937	1
32963	4
32966	1
33008	3
33009	6
33019	2
33021	11
33030	3
33037	2
3304	1
33040	2
33062	7
33063	4
33066	1
33070	1
33126	2
33127	1
33131	33
33133	4
33134	9
33135	1
33137	2
33139	18
33140	15
33141	3
33143	5
33147	1
33149	19
33155	1
33160	2
33162	1
33180	1
33181	1
33182	1
33186	1
33216	2
33239	1
33301	12
33302	7
33304	4
33311	4
33313	1
33316	1
33322	1
33326	1
33330	5
33332	6
33401	11
33410	13
33412	6
33418	2
33431	1
33432	1
33433	5
33434	4
33437	9
33445	1
33446	5
33449	1
33455	2
33458	13
33462	1
33467	5
33477	2
33480	29
33481	1
33487	9
33496	7
33602	6
33712	1
33715	8
33880	1
33924	1
33952	1
33954	1
33999	1
34104	1
34109	1
34110	4
34228	3
34229	2
34231	1
34235	1
34236	1
34242	2
34243	2
34461	1
34465	2
34470	6
3450	1
3458	1
34683	1
34711	1
34734	1
34986	1
34987	1
34994	11
34997	1
35653	2
3602	2
36628	1
36695	1
37209	1
3755	1
40059	1
40202	6
4116	1
43026	1
43054	1
43206	42
43215	2
43219	3
43230	1
43240	16
44114	14
44118	1
44124	8
44139	4
44145	3
45202	19
45220	4
45414	1
4609	2
4627	2
46515	1
46748	3
47901	6
48009	3
48025	1
48103	3
48104	1
48108	3
48126	5
48197	2
48226	1
48234	2
4843	2
48843	2
50112	1
5042	1
5049	1
5143	1
5154	1
5155	1
5201	1
52411	1
52499	2
52556	6
5301	1
53018	1
53023	1
53044	2
53151	1
53202	6
53562	1
55012	3
55104	3
55116	4
55305	4
55402	9
55423	1
5647	2
5656	1
5658	1
5744	2
6001	3
60015	1
6002	1
60022	2
60040	1
60043	1
60047	4
60091	7
60129	1
60140	1
60179	4
60305	2
6033	6
6040	1
60446	1
60523	7
6058	1
60603	11
60606	22
60607	2
60610	11
60611	47
60614	7
60615	3
60622	2
60640	3
60646	5
60654	1
60657	7
6069	4
6106	6
6117	10
6280	4
6281	9
63144	1
6339	8
6371	2
6390	1
6410	1
64152	15
6430	26
6443	17
6457	1
6460	1
6478	1
6484	1
6488	2
6489	4
6490	1
6502	9
6511	68
6524	3
6525	4
6530	1
6611	3
6612	4
6614	1
67502	1
6752	1
6757	1
6776	2
6777	2
6783	2
6794	1
6795	3
6796	1
6798	1
68010	2
6804	7
6807	4
6810	8
6811	3
6820	4
6824	6
6825	4
6830	84
6831	27
6840	12
6850	4
6851	2
6853	2
6854	9
6870	14
6877	25
6878	1
6880	23
6881	2
6883	3
6890	3
6896	3
6897	7
6901	18
6902	6
6903	8
6905	5
7002	3
7005	3
7007	1
7008	4
7010	3
7012	8
70124	2
7013	2
7014	28
7020	10
7024	82
7030	26
7031	9
7032	3
7036	20
7039	2
7040	4
7041	6
7042	22
7043	11
7045	1
7047	13
7050	1
7052	4
7054	20
7057	8
7059	2
7060	2
7062	2
7065	1
7066	11
7068	7
7070	1
7071	5
7072	26
7073	2
7074	6
7076	2
7078	35
7079	5
7080	5
7082	4
7083	12
7090	13
7091	3
7093	31
7094	50
7095	2
7096	14
7097	2
7102	33
7104	2
7105	20
7107	1
7109	28
7111	2
7152	1
7201	1
7204	4
7205	6
7206	7
7207	2
72201	1
72207	1
72223	2
7301	1
7302	17
7303	31
7306	5
7310	56
7311	94
7362	1
7407	1
7410	1
7417	20
7419	1
7421	3
7424	17
7430	9
7432	6
7436	5
7439	1
7442	1
7446	13
7450	2
7454	3
7456	2
7458	14
7470	14
7474	1
7481	1
7506	2
75062	27
75074	8
7511	4
7512	47
7519	1
75201	28
75205	2
75219	7
75231	1
75240	2
7601	8
7604	1
7605	1
76102	9
7620	11
7621	5
7624	13
76248	1
7626	1
7628	3
7629	1
7631	40
7632	162
7640	3
7642	9
7644	3
7645	6
7646	2
7647	2
7648	3
7649	8
7650	11
7652	38
7653	14
7657	4
7661	24
7662	3
7663	1
7666	25
7670	6
7675	99
7677	2
77002	8
7701	6
77010	10
77019	6
7702	5
77027	1
7704	5
77056	5
77085	4
7712	10
7719	4
7722	2
7724	7
77252	1
77254	1
7726	4
7727	2
7730	7
7733	6
77345	1
77346	1
7740	5
77429	1
7745	1
7746	22
7747	1
7748	2
7751	11
7753	7
7760	1
7762	11
7764	2
77777	37
7821	1
7834	1
7840	1
78471	2
7853	3
7860	1
7865	1
7866	22
78669	1
7871	1
78730	6
78735	2
7901	7
7902	6
7920	5
7922	7
7932	34
7936	5
7945	1
7960	3
7962	3
7963	1
7970	21
8003	5
8008	9
8012	2
8016	1
80202	1
80228	1
80237	22
80265	3
80301	2
80302	3
80305	3
8031	1
80461	1
8054	1
8055	1
8057	3
8060	1
8088	1
81611	17
81623	2
81654	2
82513	1
83340	7
84060	2
84070	1
84121	1
84150	2
8512	7
8520	31
85225	1
8525	1
8527	4
8534	2
8536	1
85375	1
8540	31
8542	26
8543	1
8550	12
8560	2
85704	5
8610	1
8701	49
87112	32
87122	2
8723	1
8731	3
8736	9
87401	1
8742	2
87501	1
87505	3
8755	1
8757	3
87594	2
8801	1
8807	5
8816	9
8817	2
8818	8
8820	6
8822	1
8823	2
8831	32
8833	1
8837	1
8854	6
8855	4
8861	3
8873	1
8876	1
8902	4
89103	7
89109	1
89119	1
89120	5
89511	1
90005	1
90010	4
90013	3
90017	6
90021	8
90024	3
90025	10
90028	2
90035	1
90036	1
90039	2
90045	1
90048	2
90049	2
90058	4
90061	3
90064	3
90066	2
90067	35
90068	3
90069	34
90071	5
90209	4
90210	2
90211	11
90212	31
90230	1
90232	12
90245	2
90247	2
90266	1
90272	6
90291	2
90292	1
90401	20
90402	1
90403	21
90404	12
90405	5
90411	1
90810	1
91030	3
91101	2
91106	3
91107	1
912	1
91355	1
91364	2
91403	9
91423	19
91436	5
91501	2
91505	1
91521	23
91607	3
91608	5
91731	1
92024	1
92029	1
92037	5
92067	4
92108	1
92115	3
92121	1
92129	2
92626	1
92627	1
92629	1
92630	4
92663	5
92672	3
92707	1
92780	2
93035	1
93103	2
93105	3
93108	5
93637	2
93638	7
93923	1
94002	1
94010	1
94027	1
94061	2
94062	5
94066	1
94102	3
94107	5
94108	2
94109	9
94110	3
94111	5
94115	2
94117	6
94118	7
94119	2
94121	1
94129	1
94133	1
94301	16
94306	2
94520	1
94538	2
94563	1
94596	4
94598	3
94612	1
94703	3
94705	3
94707	1
94708	2
94903	2
94920	2
94925	1
94941	3
95030	1
96161	6
96707	1
96815	1
96931	1
97209	1
97222	1
98004	3
98033	3
98101	3
98102	2
98104	2
98105	1
98118	1
98121	7
98221	4
98365	1
99502	1
EC4A 1LT	5
EC4A1LT	1
H3G 1Z8	1
VIC 3162	1
