phone
0000000000	3
1111111111	2
2012105577	1
2012148756	1
2012169500	6
2012201967	1
2012216322	1
2012300677	5
2012424800	2
2012551200	14
2012711400	1
2012714679	5
2012714729	4
2012725800	8
2012802880	1
2012829141	1
2012941511	11
2013029001	1
2013191400	2
2013200201	3
2013427753	1
2013481200	2
2013631443	2
2013844144	2
2013948774	2
2014018200	1
2014031476	1
2014537712	2
2014537765	1
2014818572	2
2014828120	1
2015222991	1
2015383212	1
2015672090	9
2015678101	2
2015678110	1
2015695369	2
2015695396	6
2015713500	1
2015713514	3
2015713542	4
2015713544	3
2015713600	2
2015714912	1
2015739700	1
2015871000	28
2015924862	1
2015955143	5
2016252443	1
2016554008	1
2016797326	1
2016929411	1
2017071443	2
2017291414	1
2017363033	2
2017365136	1
2017466400	1
2017551023	1
2017913600	1
2018122578	1
2018161118	21
2018168020	1
2018184669	1
2018191584	1
2018230700	2
2018260958	2
2018378104	5
2018432130	5
2018433116	1
2018438130	3
2018718800	4
2018719000	10
2018804805	3
2018978788	1
2019444172	4
2019470007	3
2019477118	2
2019477188	3
2019519950	1
2019560585	5
2019635200	2
2019678043	2
2019689878	2
2019824846	1
2019934210	2
2019951310	2
2022333393	1
2024576000	1
2025779732	1
2027319731	1
2028823956	6
2032099395	4
2032102500	10
2032163631	1
2032170664	2
2032190184	2
2032278522	2
2032468715	1
2032564000	1
2032564054	1
2032713484	1
2033228898	2
2033311984	2
2034503132	1
2035360660	8
2035835242	2
2036052344	1
2036355560	3
2036373564	5
2036673287	4
2037438376	2
2037903864	1
2037924091	4
2038561719	2
2038690900	2
2038878945	1
2039439240	6
2039472825	20
2039485763	2
2039669933	1
2045678644	1
2063034347	1
2063395195	1
2105246614	2
2108238655	1
2122010262	1
2122037607	1
2122037971	1
2122039892	2
2122043450	1
2122051432	6
2122051447	4
2122052033	1
2122054902	5
2122054903	1
2122060707	1
2122061814	8
2122066000	1
2122066155	5
2122066173	1
2122067820	1
2122068800	2
2122070310	1
2122091534	12
2122106615	16
2122106621	7
2122106625	3
2122106666	3
2122106669	2
2122130123	5
2122134444	41
2122134580	3
2122138120	6
2122138777	2
2122161664	45
2122161671	2
2122161711	3
2122161736	1
2122161738	18
2122161754	3
2122161796	5
2122170314	1
2122174423	1
2122176691	3
2122176790	1
2122193800	1
2122197555	8
2122208744	1
2122209945	7
2122211712	5
2122213100	3
2122213200	2
2122214700	3
2122215331	14
2122215858	1
2122225714	1
2122227092	2
2122234900	1
2122237400	1
2122246121	1
2122246409	6
2122246486	2
2122247468	2
2122258400	5
2122262985	1
2122264530	1
2122266366	5
2122266600	1
2122268000	1
2122268228	2
2122268400	1
2122268729	1
2122272084	4
2122275601	4
2122276155	1
2122279092	5
2122280842	1
2122287732	1
2122289300	4
2122295192	5
2122295456	5
2122320266	1
2122330638	2
2122331500	1
2122331700	4
2122334210	1
2122356361	3
2122356364	3
2122372424	15
2122373115	4
2122387601	3
2122390505	1
2122390707	1
2122391117	1
2122392025	4
2122393355	5
2122395242	1
2122397380	6
2122398190	2
2122398580	19
2122398680	2
2122398785	1
2122413634	1
2122421111	1
2122422853	3
2122425722	1
2122426350	1
2122428253	2
2122428400	4
2122429090	1
2122432370	2
2122432522	1
2122433277	1
2122434944	1
2122435437	2
2122436722	15
2122437757	1
2122438517	1
2122439090	7
2122440005	1
2122440944	3
2122442135	1
2122442220	1
2122442266	2
2122443125	22
2122443476	1
2122443800	7
2122444055	1
2122446650	1
2122447285	3
2122449300	1
2122449400	7
2122450413	2
2122451870	1
2122453151	1
2122462424	6
2122466700	3
2122468800	4
2122469250	2
2122470088	1
2122472788	1
2122473628	2
2122474910	2
2122476747	1
2122478035	4
2122482216	7
2122487160	4
2122498027	1
2122517799	1
2122519600	10
2122520300	1
2122521362	2
2122529377	1
2122533653	1
2122535000	3
2122543026	2
2122545606	2
2122546170	2
2122552000	2
2122552400	6
2122552828	1
2122555587	2
2122556006	1
2122575916	1
2122576563	1
2122576600	50
2122576618	2
2122615672	2
2122615767	4
2122621220	9
2122624979	1
2122625528	2
2122627027	1
2122628383	3
2122633562	2
2122635268	1
2122650417	2
2122652280	65
2122652289	3
2122655570	12
2122657400	2
2122658189	2
2122666137	2
2122671800	2
2122672280	1
2122677778	1
2122680494	2
2122685600	1
2122709418	2
2122710261	1
2122715005	2
2122735000	2
2122735700	4
2122741346	1
2122741746	1
2122743000	6
2122749044	2
2122767600	1
2122777500	1
2122777600	2
2122791981	1
2122792392	2
2122792500	2
2122795067	3
2122797600	30
2122797604	5
2122799600	1
2122801046	10
2122813300	4
2122822990	2
2122847913	2
2122852280	1
2122881999	5
2122886660	2
2122897779	2
2122901818	4
2122920216	3
2122920218	3
2122920219	3
2122922001	1
2122923600	2
2122938800	1
2122938900	4
2122939440	3
2122940444	5
2122948190	5
2122958003	2
2122958004	2
2122976597	3
2123027020	2
2123037702	7
2123050469	1
2123052033	1
2123058242	1
2123066037	5
2123070500	13
2123074409	2
2123079449	2
2123080830	1
2123081200	2
2123081888	4
2123084443	3
2123085090	1
2123087200	1
2123089000	3
2123089858	1
2123091601	2
2123091606	2
2123091616	1
2123091618	1
2123091888	1
2123123800	48
2123123824	4
2123123872	1
2123124269	1
2123151505	1
2123151717	1
2123152270	5
2123153390	10
2123155555	1
2123163131	1
2123168631	1
2123171423	15
2123172600	4
2123175945	1
2123178427	3
2123189793	4
2123190951	1
2123194130	2
2123195000	10
2123217511	8
2123240220	3
2123264000	3
2123264055	7
2123270011	6
2123279153	1
2123285533	1
2123321688	1
2123332000	1
2123335757	1
2123343408	1
2123348707	1
2123352200	4
2123377750	1
2123409300	2
2123409328	1
2123409329	7
2123424783	1
2123431234	1
2123431700	1
2123434275	2
2123443450	2
2123454946	3
2123455270	1
2123461521	1
2123469300	6
2123485337	3
2123490015	1
2123490500	4
2123490927	1
2123492154	12
2123495334	2
2123502320	3
2123509900	3
2123528224	3
2123535693	1
2123540200	2
2123540434	4
2123545411	2
2123550296	1
2123551500	9
2123553350	1
2123554900	14
2123555300	1
2123557570	2
2123558401	1
2123564149	2
2123564159	7
2123566747	6
2123590801	1
2123598751	4
2123599566	1
2123603255	2
2123605553	1
2123624772	3
2123625087	2
2123629800	10
2123666536	8
2123666666	1
2123691207	2
2123691600	1
2123693303	25
2123700928	2
2123704398	1
2123705573	4
2123709200	3
2123709269	7
2123709800	1
2123710458	2
2123712525	3
2123715050	3
2123718011	1
2123718200	3
2123718888	5
2123722000	13
2123722143	2
2123722183	2
2123722457	11
2123726187	2
2123736161	1
2123736177	4
2123768600	6
2123769300	6
2123801440	2
2123820005	11
2123829312	3
2123850790	2
2123860481	3
2123860594	2
2123878100	1
2123913908	5
2123914210	1
2123916925	11
2123919072	3
2123931006	2
2123960015	5
2123968260	3
2123971945	1
2123981000	2
2123981110	14
2123981180	11
2123981888	2
2123982842	1
2123983970	71
2123986388	5
2123988785	2
2124000401	2
2124002342	2
2124003318	2
2124006060	4
2124006085	1
2124009528	4
2124013030	1
2124031234	1
2124042758	15
2124059090	2
2124060030	3
2124060080	1
2124062078	3
2124066060	1
2124069280	3
2124072400	6
2124072504	1
2124072534	1
2124080625	2
2124108086	1
2124108700	2
2124122766	2
2124136288	5
2124138434	1
2124142560	1
2124144972	5
2124144973	2
2124177167	23
2124177185	14
2124178370	3
2124179200	4
2124201600	1
2124204976	2
2124209420	1
2124211300	10
2124214560	2
2124218100	3
2124218170	2
2124221080	1
2124222450	1
2124237878	11
2124239100	6
2124252950	1
2124260766	1
2124263360	2
2124268400	1
2124313507	2
2124314205	4
2124317065	1
2124317120	1
2124317500	53
2124319010	1
2124319470	2
2124323031	2
2124323048	5
2124331760	23
2124398711	1
2124448877	1
2124449021	2
2124451965	3
2124478763	5
2124519150	2
2124526068	2
2124534000	6
2124534072	5
2124534559	1
2124535810	1
2124536900	12
2124554731	1
2124582600	1
2124600800	4
2124605362	2
2124608000	4
2124656107	6
2124680221	1
2124680234	4
2124704877	1
2124707540	1
2124714300	1
2124714311	4
2124714860	2
2124721878	1
2124736288	1
2124737100	1
2124749800	2
2124749825	4
2124749874	1
2124752845	1
2124758811	1
2124770033	1
2124773164	1
2124778105	2
2124801122	4
2124811122	5
2124813434	1
2124815700	3
2124818299	6
2124818311	6
2124830771	5
2124831010	2
2124843787	4
2124845158	1
2124845700	1
2124851186	2
2124859297	1
2124862000	1
2124866570	4
2124867900	4
2124867962	2
2124868500	3
2124881645	11
2124882501	1
2124898130	3
2124900660	1
2124900666	1
2124907470	2
2124913000	2
2124925944	1
2124941707	1
2124944055	2
2124944901	1
2124997487	5
2125000813	1
2125004102	6
2125007211	1
2125007235	1
2125028158	2
2125030909	1
2125030919	2
2125052499	2
2125054040	1
2125055270	9
2125055861	1
2125059300	1
2125060417	10
2125060431	5
2125087272	1
2125087305	1
2125106480	3
2125107405	2
2125130260	3
2125139300	2
2125139319	1
2125142471	1
2125145968	3
2125176590	2
2125178455	1
2125184942	1
2125192000	1
2125192013	4
2125192015	2
2125192026	2
2125192046	2
2125255055	1
2125277000	1
2125279903	1
2125282200	4
2125291231	1
2125294176	4
2125295055	33
2125295252	1
2125295688	10
2125296830	1
2125299903	3
2125314100	4
2125325005	2
2125325552	1
2125334892	2
2125336390	3
2125339939	1
2125343131	3
2125345675	4
2125347771	4
2125352218	12
2125355950	1
2125356769	1
2125370628	1
2125382660	3
2125387534	3
2125396200	2
2125414477	5
2125418788	1
2125428693	3
2125452879	1
2125462137	1
2125492300	5
2125517350	3
2125540500	8
2125540555	6
2125540561	4
2125542225	10
2125542250	4
2125545837	3
2125545900	9
2125548879	4
2125548889	3
2125562111	1
2125562416	2
2125571400	1
2125571447	2
2125572000	1
2125573600	3
2125576700	3
2125585500	3
2125585508	2
2125601633	13
2125606400	6
2125616565	2
2125626130	1
2125631800	6
2125634474	3
2125636130	1
2125636252	1
2125636400	8
2125636557	7
2125637440	2
2125639200	5
2125639290	1
2125641414	2
2125641521	5
2125641616	2
2125642111	1
2125642246	1
2125643194	3
2125643199	2
2125646662	5
2125646667	3
2125647222	1
2125647250	16
2125647512	2
2125669191	1
2125677250	6
2125677779	1
2125682017	7
2125683217	3
2125703333	1
2125703600	2
2125730844	1
2125736464	8
2125739001	96
2125739007	4
2125739173	1
2125751115	2
2125752442	5
2125754700	1
2125757875	2
2125761566	1
2125777760	3
2125790528	1
2125802739	1
2125811313	1
2125812050	1
2125819000	1
2125822262	1
2125827661	4
2125829080	2
2125835002	5
2125860186	3
2125861870	1
2125863310	6
2125865262	4
2125865601	2
2125865616	3
2125867522	13
2125868217	2
2125868800	2
2125885196	1
2125888600	4
2125888652	3
2125888885	2
2125900590	1
2125905242	1
2125933358	1
2125933388	8
2125938833	1
2125939100	1
2125940666	7
2125941414	1
2125942700	4
2125949595	1
2125955565	1
2125959590	4
2125959639	2
2125984888	2
2125985201	1
2125985238	4
2125990080	2
2125990520	2
2125995599	1
2125997090	5
2126008920	2
2126031910	1
2126080555	2
2126080885	1
2126085100	3
2126088868	1
2126092650	3
2126092656	3
2126092659	3
2126093700	1
2126093701	1
2126098640	3
2126098646	1
2126098699	6
2126131902	5
2126145878	1
2126152052	3
2126166600	5
2126166602	1
2126168900	3
2126193700	1
2126195000	4
2126200500	15
2126210579	1
2126215660	3
2126221266	1
2126244300	14
2126244305	23
2126244330	2
2126244332	3
2126244335	2
2126244337	3
2126244369	2
2126250700	1
2126250981	1
2126252600	3
2126253333	3
2126274453	1
2126278377	2
2126280560	2
2126282313	5
2126283225	1
2126285410	1
2126292260	1
2126294592	4
2126309900	2
2126309921	1
2126310203	3
2126336130	2
2126339030	1
2126339300	2
2126345437	13
2126345490	1
2126348914	4
2126348927	2
2126372971	4
2126428769	2
2126431500	1
2126432000	1
2126432616	1
2126439238	2
2126440040	2
2126440900	1
2126441995	1
2126446147	205
2126446666	2
2126449200	1
2126452355	2
2126452424	2
2126453300	1
2126457575	29
2126459545	2
2126465700	1
2126471550	11
2126492623	2
2126499400	1
2126499738	3
2126499793	1
2126509558	1
2126510632	2
2126522111	1
2126546662	1
2126590852	4
2126600205	3
2126610333	4
2126611150	8
2126612171	2
2126612521	3
2126612700	1
2126614790	1
2126616340	12
2126680101	1
2126694444	1
2126718354	1
2126724700	7
2126724716	1
2126724796	2
2126732657	1
2126734993	2
2126736768	2
2126753200	1
2126753303	1
2126753699	1
2126755100	3
2126755933	1
2126756392	1
2126756900	6
2126757110	2
2126771480	1
2126775705	1
2126778603	1
2126784400	15
2126795500	4
2126798222	3
2126800140	7
2126822048	4
2126823070	3
2126825655	1
2126826640	10
2126827878	5
2126829595	5
2126829790	3
2126832482	5
2126834444	1
2126836655	3
2126836677	3
2126836790	1
2126841529	5
2126844141	1
2126847074	4
2126847573	1
2126848282	2
2126850165	1
2126851514	9
2126851550	2
2126852636	1
2126856089	5
2126856200	3
2126865252	3
2126865681	1
2126866900	5
2126867999	1
2126868188	1
2126869800	10
2126872655	2
2126880700	7
2126881414	3
2126883300	1
2126887710	5
2126890639	7
2126891436	2
2126891553	1
2126891700	1
2126891701	1
2126892676	1
2126904562	1
2126911201	2
2126911500	1
2126911709	1
2126914753	2
2126916868	2
2126928451	7
2126932828	1
2126939095	1
2126950206	2
2126950230	1
2126953617	7
2126954242	1
2126956666	4
2126957585	4
2126957930	1
2126958090	1
2126959500	1
2126962400	1
2126963800	3
2126967100	1
2126967134	3
2126967137	1
2126970024	1
2126970696	6
2126971360	1
2126975454	7
2126978601	4
2126982577	2
2126985695	2
2126986500	1
2126986509	1
2126994444	16
2126998400	1
2126998904	2
2127029824	1
2127040011	3
2127048707	2
2127048734	24
2127048933	3
2127074322	8
2127075043	7
2127078345	3
2127086566	2
2127086590	3
2127086644	1
2127102569	3
2127126110	3
2127126114	3
2127126182	2
2127126189	1
2127126192	2
2127141515	2
2127141800	11
2127149700	1
2127160063	1
2127161760	3
2127163500	8
2127163534	1
2127163562	2
2127163608	1
2127163658	1
2127163677	6
2127163689	1
2127163803	2
2127163882	1
2127169066	1
2127169088	3
2127172780	1
2127179589	1
2127192085	2
2127192541	1
2127199393	1
2127210230	1
2127211103	1
2127214200	3
2127215500	8
2127219565	1
2127221500	5
2127221553	2
2127224745	9
2127240378	1
2127244672	2
2127248160	1
2127251234	5
2127260700	7
2127272088	2
2127272300	2
2127277495	1
2127278022	1
2127279862	2
2127293095	1
2127300100	2
2127309363	1
2127320400	3
2127323346	2
2127324040	4
2127324776	1
2127329500	2
2127348611	2
2127349500	1
2127356500	10
2127363100	5
2127364492	2
2127365700	1
2127366888	4
2127367000	2
2127369400	8
2127379391	1
2127410831	3
2127416607	1
2127420835	1
2127429595	16
2127443300	85
2127443330	1
2127445222	2
2127448181	1
2127448666	3
2127448988	2
2127449675	1
2127464176	6
2127470227	2
2127479120	1
2127503500	4
2127508200	10
2127514000	1
2127514625	1
2127515710	1
2127516190	3
2127518050	1
2127526160	4
2127526183	8
2127526190	1
2127526195	1
2127527474	21
2127532329	3
2127533381	7
2127536666	2
2127541212	4
2127547100	2
2127551823	1
2127552323	7
2127552848	1
2127555875	1
2127565859	1
2127568094	3
2127570615	2
2127577925	5
2127578646	1
2127578888	2
2127582033	2
2127587373	6
2127591300	1
2127592350	1
2127592354	4
2127593700	2
2127595000	1
2127598808	2
2127599001	6
2127599777	2
2127600003	1
2127602295	5
2127603565	8
2127614461	5
2127618585	7
2127632529	1
2127647000	6
2127649090	2
2127651655	8
2127652555	3
2127655454	2
2127669651	2
2127669654	3
2127670960	3
2127672666	1
2127680618	1
2127681435	2
2127682651	2
2127684400	4
2127687540	1
2127687876	1
2127723886	1
2127727550	13
2127727600	4
2127750888	1
2127761001	2
2127761200	1
2127761209	3
2127761210	1
2127761276	4
2127771150	1
2127772629	1
2127773788	2
2127774850	5
2127777488	1
2127777700	1
2127777710	3
2127779500	12
2127799000	2
2127823600	1
2127841300	1
2127856600	3
2127871100	9
2127876921	3
2127877739	2
2127878302	2
2127893970	9
2127897000	4
2127897576	1
2127897601	2
2127902700	1
2127914578	1
2127922970	1
2127946000	3
2127957000	1
2127961742	57
2127961749	3
2127961760	10
2127996671	4
2127998800	10
2128011000	6
2128011081	1
2128011084	2
2128011089	8
2128011100	1
2128011101	5
2128011117	8
2128011509	1
2128013476	3
2128013511	17
2128013932	16
2128016000	1
2128035705	2
2128046600	1
2128066613	1
2128077664	1
2128077744	4
2128084000	23
2128087020	3
2128095200	1
2128106246	4
2128120036	1
2128126005	1
2128129370	2
2128131895	1
2128177744	1
2128190355	4
2128190994	1
2128193084	2
2128210100	1
2128211653	2
2128218690	2
2128221000	4
2128222777	2
2128236007	1
2128236100	4
2128261862	1
2128265503	2
2128265506	1
2128267060	9
2128270341	1
2128281825	6
2128295616	1
2128299998	3
2128310600	5
2128310650	2
2128311468	1
2128322647	1
2128322756	1
2128327261	8
2128327330	2
2128352100	1
2128352400	9
2128352435	2
2128352436	1
2128359530	4
2128374563	2
2128374800	6
2128381800	13
2128382061	2
2128383838	2
2128399697	2
2128400255	10
2128402057	5
2128405588	10
2128407220	1
2128408181	2
2128412970	2
2128415073	1
2128429153	11
2128431601	1
2128433566	2
2128433767	4
2128435400	2
2128472333	2
2128497913	2
2128498800	1
2128502608	2
2128502721	4
2128502788	14
2128504541	1
2128531880	1
2128542195	2
2128543992	4
2128546031	6
2128549301	1
2128549322	5
2128549337	5
2128549783	2
2128589015	16
2128602255	1
2128621186	1
2128625860	1
2128627060	2
2128658080	12
2128669600	1
2128670750	4
2128671200	2
2128674970	1
2128675677	1
2128677750	3
2128681234	6
2128686360	4
2128688320	2
2128691407	2
2128691900	9
2128692699	1
2128698001	1
2128698580	21
2128699800	1
2128714000	2
2128734020	4
2128734800	1
2128734919	1
2128739200	1
2128744477	1
2128746400	1
2128746883	3
2128754900	2
2128754932	3
2128759132	1
2128764200	1
2128770028	2
2128777765	3
2128778500	5
2128795342	1
2128800020	1
2128804100	1
2128821006	1
2128834157	12
2128837373	2
2128838383	3
2128842193	2
2128866621	2
2128880800	3
2128884704	1
2128887400	2
2128889848	5
2128890383	1
2128894417	2
2128896371	1
2128896405	31
2128897460	4
2128898790	3
2128899000	1
2128938933	1
2128947000	62
2128947090	1
2128947127	1
2128947416	2
2128947423	2
2128947449	3
2128947921	5
2128954730	4
2128965515	2
2128965527	3
2128979677	4
2128979769	3
2128981317	1
2129014937	1
2129018040	43
2129018113	1
2129021000	1
2129024808	4
2129040401	27
2129040406	12
2129053454	2
2129062828	2
2129066443	1
2129099615	2
2129130623	1
2129164450	3
2129181800	1
2129203364	7
2129204050	1
2129205083	1
2129209212	1
2129209370	4
2129209884	1
2129210088	1
2129211087	2
2129211555	1
2129217171	11
2129221220	1
2129241332	2
2129242973	1
2129243100	23
2129244885	1
2129249135	2
2129249463	2
2129250327	1
2129251177	2
2129251950	3
2129253339	2
2129253988	1
2129255358	1
2129258584	2
2129259060	1
2129259333	2
2129259873	1
2129277088	1
2129280070	1
2129290102	1
2129290230	4
2129290321	1
2129291285	2
2129292999	3
2129293189	1
2129295300	1
2129296446	2
2129298100	1
2129299369	2
2129299404	10
2129299639	2
2129299807	1
2129307424	1
2129309468	2
2129312602	4
2129328331	3
2129328831	1
2129335706	6
2129351330	7
2129354900	9
2129355611	2
2129359089	8
2129380199	1
2129386660	1
2129399404	3
2129410300	7
2129411483	6
2129418000	1
2129419399	4
2129419680	1
2129440055	20
2129440444	107
2129440663	12
2129443727	5
2129443789	4
2129443832	4
2129444114	4
2129444747	4
2129446069	2
2129446090	5
2129447255	1
2129447899	3
2129447979	1
2129448416	14
2129449457	1
2129459163	1
2129470007	3
2129470200	1
2129473050	10
2129474545	1
2129476726	1
2129479476	4
2129498125	3
2129513803	1
2129513806	1
2129513816	6
2129513838	7
2129537777	5
2129540944	2
2129565770	2
2129576931	1
2129578358	1
2129579444	1
2129623722	1
2129643180	7
2129646869	2
2129653091	10
2129653784	1
2129659300	1
2129660408	1
2129661015	1
2129662880	9
2129663105	1
2129663555	1
2129664162	1
2129664660	3
2129664970	9
2129665100	3
2129666109	17
2129666363	1
2129666811	1
2129668169	1
2129675611	3
2129677826	2
2129692527	1
2129695800	2
2129714000	4
2129720770	1
2129741900	1
2129742844	2
2129748433	2
2129752943	1
2129754675	4
2129757130	1
2129773877	1
2129774101	1
2129774800	5
2129774813	8
2129775000	10
2129776096	2
2129778400	1
2129778828	1
2129791600	3
2129792288	1
2129808000	6
2129809031	6
2129823600	1
2129830038	2
2129830044	1
2129830338	2
2129841715	3
2129841727	4
2129847105	2
2129848395	3
2129860001	9
2129861175	14
2129861500	3
2129867927	1
2129871720	1
2129888500	2
2129891252	2
2129893100	6
2129899349	2
2129910588	1
2129935705	1
2129935706	8
2129935712	15
2129935720	1
2129935800	1
2129942200	1
2129955100	1
2129955895	1
2129960800	2
2129961500	1
2129964379	1
2129965100	3
2129970001	2
2129971234	2
2129975399	2
2129975540	2
2129977375	1
2129979000	1
2129981406	2
2129981407	19
2136121503	5
2136124886	5
2142089147	4
2146152184	2
2147483647	2
2149890800	2
2154309028	3
2154547339	1
2154968311	2
2156862017	1
2157883898	2
2159014109	2
2159131176	2
2159385000	6
2343449590	1
2404416202	1
2407441150	7
2483547100	2
2485619789	3
2493449590	23
2622356000	1
2673777102	1
2812164727	3
3012803861	2
3015923817	1
3016983067	2
3019411528	3
3024651268	1
3032165409	3
3032165412	12
3033231345	1
3033329905	1
3035216386	5
3036914550	1
3037853100	2
3038175844	2
3052341944	4
3052990972	1
3053745700	2
3055911473	1
3056065597	3
3058078847	3
3059298510	4
3102299850	1
3103183100	1
3103952580	2
3105298948	1
3106006028	1
3106524586	2
3106646470	1
3107529600	1
3109843815	1
3124917853	1
3127501234	1
3127509554	1
3128784853	2
3129605000	18
3135754161	4
3135874892	2
3145036414	3
3154532500	4
3166815100	1
3166815114	4
3166815172	2
3176136601	2
3176136953	1
3178050707	9
3212976189	1
3233191662	2
3237828201	1
3239305700	2
3365129859	5
3403702217	1
3467185118	16
3472069174	1
3472097619	2
3472190884	1
3472191658	2
3472234663	71
3472257852	2
3472261905	1
3472320661	2
3472338776	2
3472348158	1
3472348881	2
3472360775	1
3472390652	4
3472424251	1
3472426129	11
3472439425	1
3472484578	3
3472512265	3
3472527096	1
3472560200	1
3472573808	1
3472671541	1
3472684420	1
3472722170	2
3472779307	1
3472818989	15
3472827153	1
3472848180	1
3472960114	5
3472966663	1
3473260419	1
3473264005	1
3473301092	1
3473316067	1
3473422892	1
3473424850	1
3473458398	1
3473462474	2
3473501195	2
3473803305	1
3473803801	1
3473862560	1
3473901156	1
3473901166	1
3473921179	1
3473939789	1
3474001580	2
3474007749	1
3474049580	2
3474055566	1
3474071279	1
3474084229	2
3474090289	2
3474144028	1
3474178451	6
3474184260	1
3474192575	1
3474199322	2
3474237322	1
3474377036	1
3474503670	1
3474544620	2
3474582088	3
3474636824	1
3474686615	2
3474725070	2
3474808820	3
3474899225	1
3475053018	1
3475122500	2
3475174040	1
3475174723	1
3475176311	1
3475253895	2
3475263066	1
3475265235	1
3475265469	2
3475267257	1
3475276418	1
3475279194	2
3475295064	1
3475310461	1
3475383250	1
3475387424	2
3475390790	1
3475477446	7
3475499234	2
3475527251	1
3475561877	1
3475592476	1
3475608590	3
3475617936	1
3475648292	1
3475648580	1
3475832606	2
3475894443	2
3475903900	2
3475983539	1
3475991335	1
3475998937	2
3476070192	1
3476095270	1
3476107353	1
3476133098	3
3476135445	5
3476139953	1
3476154758	1
3476198376	1
3476491511	1
3476496122	2
3476538298	1
3476592664	1
3476596203	2
3476610405	3
3476654618	1
3476658838	2
3476727343	8
3476728592	2
3476803670	1
3476831755	1
3476913701	1
3476930673	1
3476931149	2
3477019500	2
3477170852	1
3477207680	1
3477210609	1
3477234409	1
3477246171	1
3477276887	2
3477306001	1
3477386601	1
3477397510	2
3477582538	1
3477682997	1
3477779948	1
3478087222	1
3478130214	1
3478134053	1
3478134759	1
3478176990	2
3478201131	1
3478214776	3
3478229027	2
3478229921	1
3478279529	1
3478469566	1
3478507446	70
3478579373	1
3478660561	2
3478666680	2
3478759385	2
3478782021	1
3478827930	1
3478828806	1
3478864057	2
3478865800	1
3478895491	1
3479037847	1
3479228122	3
3479228313	2
3479335054	2
3479440210	4
3479442837	1
3479449955	1
3479512355	2
3479622512	1
3479723020	1
3479770869	1
3479869920	2
3479884554	1
3479918726	1
3479966840	4
3749449955	1
4012078211	1
4015622204	4
4015858444	2
4017703047	1
4017707357	5
4018355050	1
4018864484	2
4042016608	10
4042639065	2
4043241674	7
4043719276	1
4044185636	18
4048258147	2
4048286054	3
4063605593	2
4077223021	3
4089677019	1
4102465588	5
4104214375	1
4106842000	8
4109724147	6
4123388825	1
4123388959	3
4124542208	1
4125945102	1
4133263049	1
4133880076	6
4147651223	2
4152787000	3
4152967955	1
4154271776	4
4159821105	2
4167891071	2
4252832301	3
4253834000	1
4434635766	5
4506684488	1
4506684888	2
4692226968	4
4693944367	3
4697595340	2
4803904737	1
4807518109	3
4808602727	2
4843204089	6
4843512046	1
4844191221	12
5035326083	1
5038721733	2
5085800094	1
5086312411	1
5088511485	1
5134094188	3
5135797288	10
5145649993	1
5147472536	1
5161148544	1
5162045933	1
5162222233	1
5162222616	31
5162250672	1
5162393400	2
5162398808	2
5162419848	1
5162484868	2
5162489006	10
5162779300	1
5162794860	1
5162794888	3
5162803431	5
5162849271	2
5162855500	2
5162860492	2
5162870674	1
5162942678	2
5162948550	4
5162950762	1
5162955050	6
5162955937	5
5163001265	3
5163002131	1
5163019020	2
5163045555	4
5163071070	1
5163081526	2
5163121096	1
5163124914	1
5163126729	1
5163127765	2
5163132322	1
5163133131	2
5163159682	3
5163208722	1
5163221122	1
5163265353	118
5163268282	6
5163277572	62
5163309090	1
5163333473	1
5163435050	1
5163491091	11
5163496740	2
5163526884	4
5163531172	1
5163582636	1
5163615186	5
5163646077	2
5163649320	1
5163653318	1
5163653707	1
5163657650	1
5163658700	10
5163741500	4
5163743552	5
5163746080	2
5163747000	5
5163751475	1
5163754661	1
5163795856	2
5163820220	4
5163859500	5
5163940505	13
5163957764	3
5163982368	1
5163983041	1
5163983756	1
5164100132	1
5164101962	1
5164174135	2
5164231629	2
5164292244	2
5164297020	1
5164320193	2
5164330435	1
5164334870	3
5164415115	2
5164415116	2
5164458500	1
5164463100	5
5164481909	5
5164485468	1
5164487766	1
5164507528	1
5164563010	1
5164567221	2
5164599325	13
5164660456	2
5164663100	1
5164663333	2
5164663588	1
5164666046	1
5164666464	8
5164666680	2
5164668117	1
5164668580	1
5164722000	1
5164727100	17
5164727862	1
5164727880	4
5164742298	1
5164766087	1
5164772346	1
5164785400	16
5164785468	6
5164806791	2
5164824646	8
5164828600	1
5164832400	5
5164841234	7
5164842225	3
5164847560	2
5164848800	1
5164850339	7
5164875690	1
5164876790	2
5164879514	1
5164880649	1
5164883000	3
5164888780	2
5164888788	2
5164910208	3
5164917963	1
5164931514	2
5164961400	9
5164961825	7
5164964900	1
5164968888	2
5164981889	1
5165042161	1
5165047000	2
5165047020	3
5165066000	2
5165106800	2
5165109984	2
5165126550	35
5165130830	2
5165215193	1
5165241924	8
5165262778	1
5165265955	3
5165325944	2
5165519841	1
5165572131	8
5165653100	1
5165655600	8
5165659600	5
5165659606	2
5165698600	1
5165706781	1
5165796600	6
5165820087	9
5165846380	3
5165879065	1
5165890647	2
5165893893	1
5165963070	1
5165966660	1
5166069119	1
5166075252	1
5166239500	1
5166241910	6
5166241975	6
5166251700	2
5166252641	1
5166259292	1
5166274717	2
5166278557	2
5166279600	1
5166375381	2
5166441543	1
5166478222	5
5166551600	1
5166557695	1
5166558786	1
5166596332	1
5166597102	1
5166612525	1
5166625606	1
5166628309	2
5166760950	2
5166763900	4
5166804049	2
5166807544	2
5166834114	4
5166838746	3
5166842900	2
5166867724	2
5166958422	1
5166971129	1
5166980035	1
5167170100	3
5167175395	1
5167210790	4
5167286499	3
5167295502	5
5167309301	3
5167313770	1
5167343316	13
5167424124	1
5167450150	1
5167463464	3
5167466000	9
5167466800	8
5167473876	2
5167624042	1
5167640226	1
5167648975	5
5167661439	2
5167671472	3
5167679483	1
5167708155	1
5167717077	1
5167730010	2
5167732740	1
5167739300	18
5167755500	16
5167768528	1
5167768828	55
5167774320	6
5167791231	1
5167797303	2
5167822360	1
5167834817	1
5167902772	1
5167904677	1
5167912758	1
5168010355	2
5168011586	1
5168013236	1
5168016197	3
5168165443	1
5168194184	1
5168210445	3
5168212003	2
5168212060	5
5168228844	5
5168253025	3
5168294141	1
5168297300	2
5168377000	2
5168378000	1
5168404100	1
5168406043	2
5168419569	1
5168502570	1
5168505323	4
5168513985	2
5168523517	2
5168523840	1
5168529300	1
5168594716	1
5168607222	1
5168646284	2
5168690650	5
5168691240	3
5168692453	2
5168692523	3
5168692589	8
5168692654	1
5168692676	1
5168692935	1
5168696900	2
5168697122	6
5168697130	9
5168697143	12
5168697146	3
5168697181	2
5168697266	12
5168698888	1
5168699000	12
5168771677	12
5168775731	7
5168837702	2
5168847953	1
5168855500	1
5168872000	17
5168891900	2
5168999000	1
5169185440	2
5169210053	2
5169210800	10
5169242545	2
5169312766	4
5169329800	7
5169330700	7
5169372222	2
5169445000	1
5169462247	1
5169467240	2
5169468855	1
5169469176	1
5169653616	1
5169658268	1
5169699000	1
5169720095	2
5169785991	1
5169832170	4
5169836400	2
5169845751	1
5169916333	3
5169937200	2
5169970100	8
5169974110	1
5169979300	11
5182573000	3
5183564445	4
5187834090	1
5467450150	1
5514040958	1
5515742289	4
5516552023	1
5517776123	3
5613137000	1
5614653464	1
5616383033	1
5616592233	1
5619999949	3
5703801219	1
5713543795	2
5768339100	2
5852480051	1
5852494434	2
5852494438	3
5856906080	3
5864895454	2
6022282980	2
6073632838	1
6092691625	4
6092732212	10
6094261777	1
6094485462	1
6098650470	1
6099220624	1
6099242262	15
6102935723	10
6103208407	46
6103715406	34
6104426256	2
6105355775	1
6105855559	4
6106393937	1
6109436305	1
6122074105	1
6125983121	1
6127611548	7
6127611896	2
6127617960	15
6142285781	3
6142377100	1
6142481172	31
6144158354	4
6144634445	1
6144634837	1
6147654266	1
6153677003	1
6162403566	1
6172919287	4
6176193105	7
6176738000	1
6177575417	1
6177706584	5
6178546630	12
6179091935	1
6179826962	3
6179972185	1
6198496501	1
6264292950	3
6303787137	1
6306237667	8
6306238437	59
6307597667	2
6312041700	2
6312842299	1
6313258498	1
6313511110	6
6313608892	1
6313676427	1
6313791437	2
6313859354	6
6313924040	2
6313936957	1
6314215700	2
6314231180	1
6314995400	1
6315136994	1
6315218302	1
6315390200	3
6315435204	2
6315499483	2
6315747700	7
6315794628	5
6315866551	1
6316633055	1
6316672500	4
6316672555	1
6316706570	71
6316803773	2
6316944310	2
6317381200	3
6317429938	2
6317773600	5
6318387153	2
6318434379	1
6318434398	6
6318434525	2
6318488572	5
6318646260	1
6318646263	1
6318690650	1
6318960042	2
6318994421	1
6319442979	2
6319622813	148
6319875914	2
6452984288	1
6462011348	2
6462023509	1
6462047303	4
6462064348	2
6462064406	3
6462067356	2
6462082441	1
6462093293	1
6462098755	1
6462099375	2
6462103130	1
6462136725	7
6462140245	2
6462140256	1
6462140285	2
6462143077	2
6462151660	1
6462171020	1
6462199938	2
6462203560	1
6462209977	3
6462213886	1
6462230429	1
6462233233	3
6462296968	1
6462300680	4
6462309360	8
6462313004	3
6462325790	3
6462353439	1
6462360600	5
6462367547	1
6462393114	2
6462417005	1
6462440901	1
6462472588	2
6462478101	2
6462485045	1
6462509479	2
6462513038	1
6462530920	1
6462550710	1
6462611984	1
6462612252	1
6462612292	5
6462613583	2
6462618124	2
6462619982	3
6462624500	1
6462634670	1
6462697296	1
6462705345	1
6462784223	2
6462784699	1
6462806428	2
6462841759	1
6462847603	1
6462859067	6
6462927663	1
6462928613	8
6462941237	1
6462954200	1
6462964356	1
6463011050	4
6463021394	1
6463037230	1
6463170750	3
6463196732	1
6463200253	1
6463205473	1
6463211101	2
6463215626	4
6463215863	1
6463218563	2
6463218605	1
6463266557	2
6463290350	3
6463291124	1
6463303450	1
6463317489	2
6463347653	2
6463353787	1
6463356126	1
6463358600	2
6463381367	1
6463392083	1
6463395747	1
6463398881	1
6463440448	1
6463460404	1
6463536463	1
6463549872	1
6463589099	1
6463589270	1
6463660515	7
6463663989	7
6463695480	2
6463712671	1
6463727450	1
6463744802	1
6463750842	1
6463771283	1
6463773498	4
6463804970	4
6463866655	1
6463881765	1
6463927701	2
6463927705	7
6463954070	6
6463954085	1
6463962392	1
6464015007	1
6464047126	2
6464065992	1
6464131936	1
6464232528	1
6464236459	1
6464276376	1
6464285555	3
6464285606	6
6464309173	1
6464394000	5
6464421805	9
6464501638	1
6464578552	2
6464622823	1
6464625595	2
6464644326	1
6464687582	1
6464797327	1
6464840041	2
6464856147	1
6464856200	6
6464856235	1
6464856276	3
6464941705	3
6465038969	3
6465083100	1
6465124331	7
6465145969	1
6465172380	3
6465227126	2
6465339700	3
6465492633	1
6465495825	2
6465525966	2
6465526642	2
6465532359	2
6465536500	6
6465546927	1
6465564831	4
6465567740	5
6465583810	2
6465592721	3
6465618436	2
6465653910	3
6465653917	2
6465656239	1
6465687212	1
6465721134	5
6465731721	2
6465774065	1
6465782630	1
6465900638	1
6465955017	1
6465977700	1
6465989255	1
6466054954	3
6466127302	7
6466127304	1
6466127350	9
6466210444	2
6466222268	1
6466253003	1
6466257732	2
6466379016	4
6466379061	3
6466403701	1
6466430731	2
6466430775	1
6466437676	1
6466438228	2
6466440231	1
6466444067	2
6466444641	1
6466456237	2
6466518582	2
6466561780	1
6466601518	1
6466614138	1
6466624297	2
6466628730	1
6466685099	1
6466698898	2
6466734476	3
6466764250	1
6466781155	2
6466829249	1
6466885144	1
6466906881	2
6466926106	5
6466957092	2
6467036649	4
6467043950	1
6467073608	8
6467087000	1
6467100809	2
6467158585	1
6467174547	1
6467174600	2
6467177701	1
6467223846	9
6467291077	1
6467296243	1
6467310336	1
6467346681	2
6467349617	2
6467425921	1
6467454903	1
6467470624	1
6467477381	2
6467505660	2
6467553378	2
6467556988	2
6467570800	1
6467618451	1
6467621421	2
6467627022	1
6467674598	13
6467724601	16
6467735992	2
6467805235	19
6467834922	1
6467943479	2
6467957844	2
6467978748	2
6468016123	3
6468089700	2
6468093555	1
6468212196	3
6468310832	1
6468333982	7
6468333985	2
6468333994	2
6468495100	1
6468526041	1
6468530403	1
6468630821	3
6468643507	2
6468717470	1
6468723417	1
6468782000	2
6468782091	4
6468797073	2
6468812656	1
6468849864	8
6468849866	5
6468854540	3
6468888449	5
6468888450	3
6468888480	1
6468951998	2
6468988881	1
6469195427	1
6469274995	1
6469341111	1
6469375043	2
6469375044	3
6469379316	1
6469421836	1
6469430930	1
6469445332	1
6469528924	1
6469653616	5
6469778213	24
6469812855	3
6469824569	2
6469830448	1
6469960733	1
6469962164	2
6469966567	2
6469969911	1
6469983349	1
6469984439	20
6502916113	3
6512128999	1
6513851782	2
6567132245	1
6784023924	4
6785134020	1
6787911000	6
6787911028	7
6787911090	3
7032200033	1
7033174544	1
7033174670	9
7038988748	1
7048145066	1
7049458012	1
7133058425	2
7133867165	2
7135257429	3
7147225120	1
7147459314	1
7148893273	1
7155188600	3
7172364400	4
7174125500	1
7174437613	3
7177381010	2
7180000000	1
7182005491	1
7182041111	4
7182041600	1
7182057500	1
7182062000	2
7182066298	1
7182077815	1
7182100036	2
7182106999	2
7182153000	16
7182153055	1
7182183333	6
7182204485	1
7182208181	2
7182211900	1
7182218600	2
7182221491	2
7182222500	10
7182224500	1
7182228162	2
7182232800	1
7182245582	1
7182246300	5
7182246330	1
7182247112	3
7182254740	1
7182271100	9
7182271222	2
7182275200	1
7182277163	1
7182277299	1
7182279900	1
7182291100	1
7182292221	1
7182293000	2
7182294090	1
7182294300	3
7182297337	1
7182298440	3
7182321250	8
7182327044	4
7182327273	3
7182328999	1
7182347950	3
7182354054	1
7182355522	1
7182358232	1
7182367100	5
7182367505	2
7182372017	3
7182382892	1
7182388131	1
7182389000	1
7182389400	1
7182405175	3
7182405759	2
7182410400	1
7182410500	3
7182412600	3
7182412660	1
7182430700	2
7182454931	1
7182491212	3
7182493149	1
7182510305	1
7182516000	3
7182520126	1
7182522390	2
7182536132	1
7182536844	23
7182538400	4
7182542424	2
7182549101	1
7182554320	1
7182555737	1
7182561100	6
7182563525	1
7182569400	1
7182571627	2
7182575308	1
7182579393	1
7182583900	1
7182587200	12
7182591564	2
7182597800	1
7182601000	3
7182606666	1
7182612682	1
7182615235	4
7182618357	1
7182619888	2
7182633800	63
7182635069	1
7182641420	1
7182642476	1
7182651200	5
7182661668	1
7182663202	1
7182669000	3
7182670300	17
7182679400	6
7182681200	61
7182682500	23
7182684000	2
7182684100	3
7182689098	1
7182697421	1
7182706099	7
7182706238	1
7182710089	1
7182718375	3
7182720498	1
7182724565	1
7182724582	1
7182731200	1
7182731300	1
7182731588	1
7182733584	4
7182733800	7
7182734706	2
7182736745	2
7182737099	9
7182737575	6
7182737970	2
7182753660	3
7182760594	1
7182765344	1
7182765700	2
7182773000	3
7182781663	1
7182781834	1
7182782141	1
7182789690	3
7182791111	2
7182811372	1
7182844445	1
7182845346	1
7182881369	1
7182887923	1
7182887977	13
7182889689	2
7182912303	5
7182913331	3
7182921800	27
7182926200	16
7182926400	2
7182942477	1
7182963388	1
7182964400	4
7182966600	1
7182967000	2
7182971049	2
7182971900	1
7182979898	1
7182982767	2
7182985680	1
7182997000	2
7183003979	1
7183009114	4
7183029641	3
7183082333	2
7183097100	1
7183123569	1
7183141544	2
7183145500	1
7183160315	1
7183171200	1
7183171248	4
7183203300	6
7183211314	2
7183217800	1
7183217988	2
7183218652	3
7183218967	1
7183222300	4
7183226300	1
7183228500	1
7183236710	7
7183240886	1
7183244200	2
7183252622	1
7183261988	7
7183263000	8
7183263300	31
7183264061	1
7183268800	2
7183273600	5
7183285400	1
7183289335	1
7183296030	1
7183299537	3
7183312615	3
7183313297	1
7183320222	1
7183322266	1
7183324000	2
7183327400	1
7183358600	2
7183361800	2
7183363610	1
7183366000	1
7183367707	1
7183373353	1
7183380328	3
7183382567	2
7183384700	5
7183386300	2
7183397382	1
7183400700	2
7183420637	1
7183422548	2
7183430909	1
7183434200	1
7183436400	1
7183446462	2
7183448571	1
7183448891	1
7183451098	1
7183458020	1
7183463774	2
7183466500	7
7183471057	2
7183471101	1
7183476470	2
7183493584	2
7183496166	1
7183497535	1
7183498448	1
7183499146	3
7183514200	5
7183515206	2
7183518012	1
7183525295	3
7183528312	2
7183531214	2
7183531300	3
7183532239	1
7183535500	13
7183537227	1
7183537345	1
7183538368	5
7183538998	2
7183546007	2
7183561120	1
7183565146	1
7183566444	22
7183569349	1
7183575800	1
7183576500	1
7183584700	1
7183586001	3
7183588895	1
7183592489	1
7183598069	1
7183601893	2
7183604463	1
7183611169	1
7183612332	4
7183612779	1
7183613700	2
7183615254	1
7183619789	1
7183651189	1
7183652900	18
7183661800	9
7183662974	2
7183662999	2
7183665568	1
7183666528	1
7183676004	2
7183677386	3
7183683255	1
7183692150	2
7183693434	3
7183698900	22
7183708001	1
7183708100	1
7183708801	1
7183710450	1
7183721678	1
7183725348	1
7183728686	4
7183731276	1
7183742151	1
7183751818	2
7183765400	26
7183772547	1
7183776363	4
7183802366	1
7183808882	1
7183809128	1
7183810300	1
7183821872	1
7183830363	2
7183833860	2
7183834131	2
7183835242	1
7183836464	3
7183836500	2
7183839340	2
7183839466	1
7183843000	1
7183843400	1
7183848181	4
7183853600	1
7183859100	3
7183864090	1
7183871913	3
7183878400	2
7183880721	1
7183883266	1
7183887700	9
7183889526	2
7183889830	1
7183893007	1
7183894483	1
7183911002	13
7183920001	1
7183920111	5
7183921600	3
7183925959	4
7183927900	2
7183935200	1
7183939400	10
7183951878	1
7183956840	7
7183976422	1
7183980353	1
7183981400	2
7184019216	1
7184030044	2
7184042433	5
7184044759	1
7184049181	1
7184064738	1
7184072800	7
7184088849	1
7184121851	1
7184129192	1
7184138359	1
7184144737	1
7184154166	3
7184161657	1
7184162632	1
7184163184	2
7184167660	1
7184171616	1
7184173770	1
7184184589	1
7184210758	2
7184219141	1
7184221070	1
7184229999	2
7184231054	1
7184232637	1
7184239600	2
7184242406	1
7184245200	2
7184245353	1
7184247280	1
7184260444	7
7184260500	1
7184264727	1
7184265023	2
7184267670	2
7184270805	2
7184280304	1
7184281800	1
7184284500	1
7184284950	3
7184294457	2
7184298804	1
7184313330	1
7184314381	1
7184321700	5
7184330077	1
7184331999	3
7184350389	1
7184351100	1
7184351777	1
7184355360	1
7184365629	2
7184368883	1
7184379828	4
7184382804	6
7184385100	7
7184386919	1
7184390444	1
7184390658	1
7184391200	3
7184391800	1
7184397550	2
7184398190	2
7184399401	3
7184401014	3
7184406452	2
7184415460	1
7184416000	1
7184417100	2
7184417200	1
7184420598	1
7184426800	2
7184428384	3
7184428600	1
7184444141	5
7184452345	6
7184455663	1
7184456704	3
7184460100	2
7184470033	1
7184470656	1
7184471399	2
7184473800	3
7184483900	3
7184489140	2
7184507283	1
7184541600	1
7184555581	1
7184561222	1
7184566189	7
7184567070	1
7184567200	1
7184572400	6
7184575900	1
7184576274	3
7184582135	3
7184591000	1
7184591900	2
7184598501	1
7184599500	2
7184605256	1
7184608115	1
7184608878	1
7184608879	1
7184611822	3
7184611911	3
7184615555	3
7184617000	1
7184617700	3
7184618300	1
7184618898	2
7184623080	1
7184631200	6
7184632406	2
7184635757	11
7184636900	2
7184638800	6
7184642422	1
7184645800	2
7184652344	1
7184653000	2
7184661122	1
7184662756	1
7184686060	2
7184686500	1
7184687595	1
7184691435	1
7184701930	1
7184706110	3
7184728000	4
7184734017	1
7184736400	1
7184745692	3
7184751331	4
7184754736	6
7184761972	1
7184772100	5
7184772351	1
7184772780	3
7184785222	4
7184787672	2
7184804444	12
7184827364	1
7184853000	5
7184853137	1
7184853682	7
7184854012	3
7184854182	4
7184860219	1
7184862942	1
7184873930	1
7184900550	3
7184900906	1
7184906030	1
7184907659	2
7184908785	1
7184930099	1
7184937128	2
7184940717	33
7184941917	2
7184946766	2
7184953303	1
7184954795	2
7184955300	1
7184971919	2
7184974431	1
7184975450	3
7184975480	1
7184976580	1
7184990700	1
7185068739	2
7185091340	1
7185102065	1
7185106905	1
7185120930	5
7185145040	2
7185150045	1
7185150161	3
7185181800	1
7185188600	68
7185188651	1
7185200500	1
7185207770	1
7185224245	2
7185235656	2
7185235673	2
7185243491	1
7185253801	4
7185288260	3
7185316092	1
7185321800	2
7185351820	2
7185362094	2
7185398675	3
7185406812	7
7185410223	6
7185413919	4
7185414088	1
7185417746	1
7185428877	2
7185442900	2
7185444136	5
7185444600	1
7185447387	3
7185453131	8
7185473005	1
7185481717	1
7185496808	2
7185499000	12
7185517746	2
7185531100	3
7185541741	10
7185548302	1
7185548304	1
7185605000	3
7185616161	4
7185629071	1
7185632668	2
7185649117	1
7185656103	1
7185658686	3
7185662253	1
7185677754	1
7185680914	1
7185705115	2
7185746400	1
7185746429	1
7185750045	13
7185750700	1
7185754132	1
7185754670	14
7185754960	2
7185754983	22
7185755400	6
7185755614	1
7185765400	3
7185766274	2
7185788520	1
7185794200	1
7185801646	1
7185853800	3
7185881341	1
7185888332	1
7185894300	1
7185894793	1
7185897700	2
7185899744	2
7185912000	4
7185920146	1
7185923901	6
7185933636	1
7185943100	1
7185950780	1
7185964100	1
7185971575	5
7185973530	1
7185987185	1
7185991416	1
7185992470	1
7185992922	1
7185995632	1
7186015512	2
7186050830	5
7186051144	15
7186055100	1
7186057635	1
7186059600	1
7186061282	1
7186061336	1
7186069258	1
7186120749	1
7186125804	5
7186134980	1
7186144646	2
7186151157	2
7186162000	2
7186162002	2
7186163000	9
7186180320	2
7186184472	3
7186190014	1
7186190071	1
7186190114	5
7186196751	4
7186215247	1
7186216818	3
7186226494	1
7186227166	1
7186227500	1
7186227660	1
7186231640	1
7186239000	2
7186239430	3
7186244300	1
7186244372	1
7186245860	2
7186248494	4
7186251200	9
7186252233	4
7186252700	1
7186252960	1
7186253136	2
7186253288	2
7186254110	1
7186255505	5
7186261336	1
7186262588	1
7186270600	1
7186272907	1
7186281060	2
7186282422	1
7186290222	1
7186290854	11
7186290975	1
7186292303	3
7186305535	15
7186310231	2
7186310997	2
7186319000	3
7186320350	1
7186340651	2
7186349332	1
7186366900	1
7186371322	1
7186391254	13
7186410859	4
7186413643	1
7186416520	2
7186421100	1
7186423668	1
7186427000	1
7186427005	2
7186430241	2
7186433800	4
7186438201	1
7186462992	2
7186463331	8
7186465656	2
7186465875	1
7186469262	7
7186472000	1
7186477914	2
7186480900	3
7186487703	1
7186488072	1
7186490160	1
7186494580	1
7186517996	1
7186524444	1
7186544268	1
7186547186	2
7186551800	2
7186554700	1
7186573333	1
7186575755	1
7186577810	3
7186583070	1
7186587900	1
7186599500	2
7186610099	1
7186622222	2
7186632225	8
7186644315	17
7186653170	4
7186656600	2
7186659340	3
7186666702	1
7186674122	1
7186675400	1
7186677425	3
7186681300	2
7186693752	2
7186696660	1
7186728818	1
7186730074	2
7186733353	1
7186762992	4
7186764006	1
7186787593	2
7186796500	1
7186798244	1
7186804500	1
7186805348	1
7186821777	1
7186821914	1
7186837280	1
7186842605	2
7186845200	1
7186852926	1
7186863322	5
7186866262	3
7186873887	3
7186899898	1
7186922525	1
7186924181	1
7186949300	2
7186979264	1
7186985346	4
7186987869	1
7187011720	1
7187022651	1
7187038403	27
7187038408	4
7187038441	33
7187042060	3
7187048385	3
7187059305	1
7187060605	1
7187065390	3
7187067400	2
7187067755	2
7187080501	2
7187095600	14
7187107296	1
7187108021	1
7187130201	5
7187157150	2
7187164400	1
7187170003	1
7187172048	2
7187179942	1
7187200001	1
7187208498	4
7187210034	1
7187214018	1
7187224183	1
7187233100	1
7187237437	1
7187246437	2
7187253248	1
7187264792	2
7187265400	1
7187268270	1
7187271135	3
7187283248	1
7187283553	2
7187299000	3
7187302370	1
7187324288	2
7187331299	11
7187336300	3
7187360400	7
7187381010	4
7187387125	2
7187387500	1
7187390007	1
7187393094	5
7187421760	163
7187431600	1
7187432230	4
7187434400	1
7187436598	3
7187447327	1
7187448811	1
7187460094	2
7187465697	1
7187465957	1
7187466473	4
7187467201	1
7187470618	1
7187476700	7
7187476994	8
7187477771	1
7187481800	2
7187486770	6
7187488773	1
7187515704	1
7187521888	1
7187550123	9
7187552092	11
7187553733	2
7187572430	1
7187578832	1
7187585600	1
7187606200	2
7187606602	6
7187610173	11
7187610800	1
7187612700	1
7187614387	1
7187615757	1
7187616666	7
7187616800	3
7187624080	1
7187627742	1
7187632744	1
7187669155	2
7187669198	1
7187672166	4
7187686892	1
7187688000	2
7187691800	1
7187692220	12
7187697000	1
7187699295	1
7187712222	2
7187723207	1
7187725185	2
7187728388	1
7187746747	1
7187770700	1
7187771422	1
7187771777	1
7187771885	1
7187772300	1
7187776201	1
7187776330	2
7187778212	6
7187790874	1
7187794395	17
7187798400	1
7187803309	4
7187813412	2
7187815551	3
7187822601	5
7187824200	17
7187828802	1
7187828993	1
7187830202	8
7187832121	2
7187833333	16
7187840404	1
7187843626	5
7187844680	1
7187862000	2
7187865555	11
7187866300	2
7187867775	1
7187868396	1
7187882470	2
7187887593	12
7187887791	5
7187887900	2
7187890236	4
7187891212	1
7187891939	3
7187892390	1
7187895555	1
7187925858	1
7187930103	4
7187930200	2
7187931409	1
7187933238	3
7187934266	1
7187944042	1
7187945317	4
7187945523	4
7187968396	2
7187983030	2
7187995101	1
7188012002	1
7188017911	1
7188021989	1
7188031111	1
7188033622	2
7188039562	2
7188051200	2
7188103968	1
7188121374	1
7188129404	1
7188131700	2
7188160005	1
7188174811	2
7188182407	6
7188190911	1
7188192988	1
7188193299	1
7188196167	1
7188211313	1
7188211646	1
7188216060	1
7188216434	1
7188218000	1
7188224167	1
7188240080	2
7188245001	4
7188245007	1
7188254442	1
7188287272	1
7188303700	2
7188304001	1
7188322444	1
7188328364	3
7188331808	1
7188334600	2
7188336563	1
7188337900	3
7188343401	1
7188349663	6
7188349797	1
7188357171	1
7188363333	1
7188364600	4
7188380085	1
7188409696	1
7188425588	2
7188430300	3
7188433875	4
7188436500	1
7188439775	1
7188446957	1
7188454653	1
7188459001	2
7188462371	6
7188480276	1
7188480746	1
7188494658	2
7188505300	6
7188507290	2
7188518868	1
7188524001	5
7188528820	1
7188533000	1
7188534141	2
7188535050	1
7188552675	12
7188554018	2
7188555988	1
7188558708	2
7188559168	3
7188580979	12
7188581111	2
7188583980	1
7188584400	1
7188585100	1
7188585250	4
7188592559	1
7188598100	1
7188623607	25
7188623625	44
7188627429	2
7188644105	1
7188646284	1
7188651892	1
7188663513	1
7188694780	1
7188694792	4
7188710552	2
7188714840	1
7188762010	3
7188784315	2
7188796868	1
7188819100	3
7188842200	3
7188843400	1
7188853328	1
7188856367	1
7188862010	1
7188862747	5
7188865225	3
7188867128	2
7188867766	3
7188868110	2
7188868781	1
7188869000	1
7188880600	22
7188880689	3
7188880925	1
7188881628	1
7188882727	2
7188888857	1
7188889768	1
7188889892	1
7188919000	1
7188929200	2
7188947000	2
7188977491	2
7188982626	1
7188983320	1
7188984200	12
7188997593	3
7189040202	3
7189062155	1
7189075915	4
7189077555	6
7189097488	1
7189128496	3
7189138550	4
7189182684	16
7189210200	1
7189210266	1
7189211800	4
7189212575	1
7189217481	1
7189217500	4
7189238400	10
7189238414	8
7189238496	11
7189238653	1
7189242254	3
7189258200	1
7189261121	2
7189313295	7
7189314400	2
7189319000	3
7189319400	2
7189323026	2
7189324000	1
7189324712	1
7189325388	1
7189331353	6
7189335111	13
7189342400	4
7189346100	4
7189348881	1
7189349600	2
7189371212	1
7189377150	2
7189378100	2
7189379500	1
7189380543	1
7189381199	1
7189381812	1
7189392710	1
7189393030	1
7189394888	6
7189395400	2
7189397370	1
7189419659	1
7189432022	3
7189432905	1
7189436450	2
7189441400	2
7189460885	1
7189477122	14
7189477130	13
7189480660	3
7189480999	2
7189488585	2
7189491919	1
7189495551	2
7189517111	4
7189532904	2
7189539011	2
7189542657	1
7189565550	1
7189566602	4
7189567800	1
7189613500	1
7189614300	1
7189615165	1
7189619424	1
7189619700	1
7189625974	1
7189632233	1
7189634447	1
7189656450	7
7189656480	1
7189659695	2
7189660303	16
7189660322	7
7189660615	2
7189660616	17
7189661011	1
7189661616	1
7189662200	1
7189662883	1
7189663500	1
7189663662	1
7189664053	1
7189664477	1
7189664905	2
7189667518	1
7189669061	1
7189675215	4
7189676700	1
7189691602	1
7189699269	1
7189749097	1
7189749534	2
7189752315	1
7189755333	2
7189757070	1
7189757100	1
7189759005	1
7189791313	3
7189810934	2
7189819917	14
7189820202	2
7189825488	3
7189831100	2
7189838700	10
7189840805	1
7189841700	12
7189842100	1
7189842916	1
7189843703	4
7189845148	1
7189845220	3
7189845624	1
7189846453	1
7189860411	1
7189863177	1
7189868023	4
7189870166	1
7189870400	1
7189872323	1
7189874891	5
7189875858	1
7189877260	1
7189877900	1
7189902176	1
7189906413	2
7189931585	1
7189932280	1
7189939999	1
7189970524	3
7189979000	2
7189982024	1
7189985100	4
7189986832	1
7189987200	3
7197983030	1
7202836120	1
7209226059	3
7273735515	3
7322121000	1
7322223644	2
7322335320	2
7322337793	2
7322383311	2
7322394039	1
7322488200	1
7322590409	6
7322642005	1
7322666731	1
7323227788	7
7323451664	1
7324062445	8
7324070182	1
7324380333	1
7324964978	13
7324969966	7
7324997200	1
7325138750	1
7325631626	1
7325800660	1
7325805327	3
7326123288	2
7326238500	11
7326601400	3
7326767734	6
7326772989	1
7327131616	2
7327137304	1
7327409285	1
7327501111	3
7327506192	221
7327521783	2
7328424324	1
7328640778	3
7329350111	1
7329359399	4
7329470722	1
7329486222	1
7329780216	7
7329951936	11
7347571636	2
7349303553	1
7573215097	2
7573215683	2
7573215958	13
7579892355	3
7704338211	2
7706042036	6
7706048110	3
7742491692	1
7756849914	1
7814014056	4
7816865313	5
8002259702	11
8002641804	7
8013654601	10
8013654631	7
8013654793	2
8014244261	3
8022293250	2
8028658390	1
8043448121	2
8059555111	2
8085313000	1
8132061033	3
8133276925	3
8139690159	3
8164802571	3
8168544806	1
8172227341	1
8177227341	2
8179951745	1
8185015600	3
8187899090	1
8324141777	2
8324521364	1
8452227367	1
8453040628	3
8453524440	1
8453524444	6
8453575437	1
8454061507	1
8455584318	1
8455653700	1
8456348917	1
8456397387	2
8456415899	2
8456422294	2
8459281000	2
8473722311	1
8475274845	4
8475904970	1
8476565110	3
8478692050	1
8484820786	4
8522569033	15
8522569300	1
8522569333	1
8555939675	1
8562175473	11
8562569033	2
8562675644	3
8563599623	1
8566676440	1
8566860841	2
8567190800	1
8567763385	28
8567788790	6
8567804460	7
8568291460	1
8568733339	1
8572220727	1
8582845000	4
8586994137	1
8602902900	3
8603682810	3
8603682813	1
8603682849	3
8604787881	3
8605027657	2
8605610121	2
8607636882	7
8609617601	8
8622191330	4
8645968930	3
8662262470	2
8665605518	6
8668387278	1
8668470956	1
8772238695	2
8773732522	3
8777275464	4
8778682273	6
8883433547	1
8885605518	4
8952569300	1
9012083435	3
9014348319	6
9047284936	5
9073233936	1
9082021336	1
9082402734	2
9082562410	1
9082684955	1
9082697422	2
9082730329	2
9083474650	2
9083550600	2
9084320233	11
9084335433	6
9084630266	1
9086420075	3
9087253811	2
9087940475	4
9088392062	1
9088554276	15
9089025905	1
9089228886	2
9089270130	1
9089381056	3
9097030468	1
9134394484	2
9142071744	2
9142156092	15
9142204283	2
9142320795	3
9142353200	1
9142364690	2
9142364770	1
9142427000	1
9142429225	4
9142569333	1
9142602078	2
9142631089	2
9142635681	10
9142637646	2
9142715706	1
9142741326	2
9142851700	2
9142883310	5
9142883319	5
9142883323	3
9142888100	65
9142888128	10
9142888139	2
9142988818	1
9143001000	2
9143276286	1
9143564698	2
9143683600	1
9143747078	1
9143752000	1
9143808228	1
9143808251	2
9144106900	2
9144247000	2
9144440026	1
9144476269	4
9144478889	3
9144500069	2
9144683833	1
9144691074	1
9144728421	1
9144765588	1
9144909881	2
9144944232	1
9144978304	1
9144978386	1
9145172435	1
9145172621	1
9145172623	12
9145172638	1
9145178800	14
9145226085	2
9145231353	3
9145238657	5
9145361839	1
9145524132	1
9145745400	4
9145821555	4
9145821750	6
9145847999	1
9146023533	1
9146109526	1
9146209903	5
9146299343	4
9146307503	4
9146333666	1
9146373895	3
9146376200	9
9146376295	1
9146667700	1
9146676400	1
9146867300	7
9146932700	1
9146948800	2
9146981188	1
9146983600	3
9146999500	13
9147032318	1
9147221802	2
9147224400	10
9147299818	12
9147299825	2
9147472552	14
9147514000	3
9147519802	1
9147618880	2
9147724400	1
9147772331	12
9147773800	3
9147791555	2
9147938925	3
9148043673	1
9148306624	2
9148333000	5
9148357438	3
9148371357	4
9148373665	1
9148464046	1
9148479110	1
9148487337	7
9148614600	2
9149072281	1
9149079796	2
9149085505	1
9149218253	3
9149241666	1
9149375152	1
9149414686	3
9149485800	1
9149532259	3
9149651608	1
9149685600	2
9149690505	1
9149694848	3
9149842500	2
9149972435	1
9149972485	2
9172022337	3
9172047122	1
9172048244	1
9172061394	2
9172082223	1
9172083240	1
9172093267	1
9172099980	2
9172156157	1
9172160366	2
9172164262	3
9172173700	1
9172175218	2
9172176400	1
9172243230	1
9172244271	3
9172249524	1
9172268488	1
9172328239	1
9172329316	1
9172391386	2
9172399162	1
9172460780	1
9172508380	1
9172546289	2
9172547987	1
9172569599	3
9172577063	1
9172619019	2
9172672440	1
9172700727	1
9172731986	2
9172733600	1
9172734445	1
9172738163	3
9172794438	3
9172796895	2
9172800041	1
9172808938	1
9172810333	1
9172821789	2
9172865100	1
9172873161	2
9172920955	1
9172920981	4
9172950759	1
9172950760	4
9172952817	1
9172976968	2
9172992489	4
9172999949	1
9173010693	1
9173015693	1
9173016165	1
9173023881	4
9173040113	1
9173040561	1
9173041104	1
9173044792	2
9173064469	1
9173068609	1
9173068912	12
9173090050	1
9173095622	1
9173095662	9
9173221001	1
9173240000	1
9173252137	3
9173252157	2
9173259822	1
9173261188	2
9173261516	1
9173261655	1
9173265516	1
9173265517	1
9173271804	1
9173282624	2
9173284033	2
9173287567	2
9173289062	1
9173304730	5
9173309550	1
9173311429	1
9173323210	2
9173352602	1
9173353173	2
9173353176	1
9173354330	1
9173357361	2
9173370219	2
9173372909	1
9173494990	2
9173572424	5
9173592490	2
9173596189	1
9173621130	5
9173634280	2
9173641022	6
9173643340	1
9173649300	1
9173716109	1
9173716680	2
9173744004	1
9173751362	4
9173781006	2
9173785155	1
9173850938	1
9173865986	2
9173880096	1
9173911021	3
9173925577	2
9173991250	1
9173993126	1
9174008970	1
9174033453	5
9174051399	1
9174071084	1
9174091003	1
9174095455	3
9174140900	43
9174143855	2
9174144993	1
9174145944	1
9174145966	1
9174146596	1
9174147156	1
9174150002	2
9174154777	2
9174158648	1
9174165237	1
9174166554	1
9174168946	3
9174174135	1
9174176900	1
9174177511	2
9174178381	2
9174179852	1
9174181059	2
9174185568	1
9174186078	2
9174280027	3
9174285653	1
9174343418	1
9174347040	2
9174347466	3
9174358552	1
9174360061	2
9174396326	4
9174400946	2
9174402106	1
9174409774	2
9174420718	1
9174426705	1
9174462632	1
9174463554	1
9174493305	1
9174532772	1
9174595277	2
9174680746	2
9174681180	2
9174683030	1
9174683833	1
9174752132	9
9174766037	1
9174769396	1
9174825176	1
9174943787	1
9174944469	2
9174951640	1
9174965138	7
9174970738	1
9174973349	2
9174977522	2
9175024766	1
9175028199	1
9175091230	2
9175098115	1
9175149116	2
9175171248	2
9175183663	2
9175196281	1
9175201026	3
9175204545	2
9175207318	1
9175226705	1
9175231474	1
9175237107	1
9175330705	7
9175335446	1
9175335985	1
9175336270	1
9175351907	2
9175359818	1
9175366911	1
9175368279	1
9175435184	9
9175438962	1
9175459991	2
9175475260	1
9175481171	1
9175483407	2
9175533243	1
9175535161	1
9175537533	1
9175580285	2
9175591131	1
9175591718	1
9175592100	1
9175603349	1
9175605015	2
9175606525	2
9175614748	1
9175618827	1
9175624200	1
9175652154	2
9175673041	2
9175678030	3
9175706132	2
9175729191	2
9175746468	4
9175755025	1
9175758560	2
9175772211	1
9175773617	1
9175775029	1
9175775895	2
9175778825	1
9175782233	1
9175782837	1
9175783030	1
9175783722	2
9175783846	2
9175784079	1
9175785591	1
9175789920	1
9175795928	1
9175798851	2
9175821471	2
9175840383	5
9175846004	2
9175878888	3
9175879290	2
9175881923	1
9175890236	1
9175924136	1
9175958868	1
9175959567	1
9175973692	1
9175978395	1
9175979987	2
9176011714	1
9176012146	1
9176012301	1
9176015281	1
9176034295	1
9176048911	1
9176052000	1
9176058310	1
9176059831	1
9176083126	2
9176086126	1
9176096789	1
9176097682	1
9176125137	1
9176127711	1
9176135716	4
9176177104	2
9176184411	1
9176208342	1
9176215660	2
9176216918	3
9176227170	1
9176232847	1
9176235281	2
9176263631	4
9176267833	1
9176270979	1
9176274053	3
9176351888	2
9176428992	1
9176429324	1
9176429546	1
9176475309	4
9176475509	5
9176477018	7
9176481446	7
9176484859	2
9176487296	3
9176521971	1
9176534942	1
9176538496	3
9176563938	1
9176564676	2
9176566746	2
9176603022	1
9176609669	1
9176621576	2
9176625746	1
9176627707	2
9176629840	4
9176640258	1
9176648481	2
9176706212	6
9176731233	2
9176732998	1
9176749857	4
9176762920	1
9176766037	1
9176783068	1
9176784278	1
9176789227	1
9176790450	2
9176798979	2
9176800975	2
9176813991	1
9176814879	2
9176815375	1
9176818999	1
9176820092	1
9176822979	6
9176826815	1
9176855083	1
9176860276	4
9176864061	1
9176887002	1
9176893911	2
9176895555	4
9176904445	9
9176907563	1
9176911201	4
9176912141	1
9176922571	2
9176937078	2
9176966529	2
9176974189	2
9176974565	2
9176976356	1
9176983683	1
9176985514	3
9176992480	2
9176996898	2
9176998693	1
9177018804	1
9177018989	1
9177031075	1
9177035039	2
9177041945	1
9177055685	2
9177086377	1
9177094479	1
9177095358	2
9177096658	2
9177097303	2
9177099768	1
9177164255	1
9177165537	5
9177212277	1
9177212819	3
9177221153	2
9177234974	3
9177310229	1
9177311221	1
9177314024	1
9177314600	1
9177332288	16
9177335488	2
9177338080	1
9177344662	4
9177347360	2
9177348989	2
9177349001	1
9177349300	3
9177418997	1
9177429126	1
9177434555	2
9177439933	1
9177441396	2
9177470778	1
9177470962	6
9177472404	1
9177487809	1
9177490713	1
9177495341	1
9177501095	1
9177501636	1
9177501974	2
9177503921	5
9177511013	1
9177511323	2
9177512010	4
9177513927	1
9177537221	1
9177542216	2
9177548528	10
9177553689	2
9177568440	1
9177577480	2
9177579053	3
9177630359	4
9177665927	1
9177674319	1
9177703852	3
9177716333	1
9177752071	2
9177760866	2
9177763382	3
9177763472	4
9177903472	1
9177909256	1
9177921755	1
9177960226	1
9177964944	3
9177965986	1
9177970524	1
9177971487	1
9177976949	2
9177979450	3
9177979706	3
9178032510	1
9178041816	1
9178050898	1
9178053005	1
9178054024	1
9178057447	1
9178058855	2
9178062048	2
9178063133	1
9178063969	2
9178074000	1
9178074585	1
9178076612	1
9178077601	1
9178077613	2
9178163283	1
9178179244	1
9178179870	2
9178213209	3
9178214000	1
9178215392	1
9178228666	2
9178252981	1
9178254130	2
9178257773	3
9178313192	1
9178336681	3
9178339698	1
9178369294	1
9178372679	1
9178387838	2
9178414613	2
9178435686	1
9178436866	1
9178441225	1
9178460737	3
9178464491	11
9178468380	5
9178469134	2
9178469192	2
9178469197	1
9178481560	2
9178531666	1
9178535287	3
9178536990	1
9178546046	2
9178564432	1
9178604544	1
9178619333	1
9178621201	1
9178625214	1
9178681880	1
9178684900	2
9178686615	1
9178689878	3
9178800675	1
9178809124	3
9178812566	1
9178813263	1
9178814484	3
9178816461	1
9178824808	2
9178825666	2
9178853275	1
9178854554	2
9178863110	18
9178864560	1
9178865812	1
9178870484	1
9178875004	2
9178876426	1
9178878510	1
9178895540	1
9178922491	2
9178923092	1
9178928431	1
9179037111	1
9179090465	1
9179120888	1
9179121303	1
9179122682	2
9179135602	1
9179138946	1
9179166164	2
9179169408	1
9179217929	1
9179223470	1
9179225595	5
9179227304	2
9179227993	6
9179236030	1
9179309237	1
9179309595	1
9179399667	3
9179410157	10
9179484636	1
9179521825	2
9179522372	3
9179522540	2
9179524330	5
9179528446	4
9179528500	5
9179529331	1
9179574459	1
9179624444	1
9179680727	1
9179684539	1
9179715186	1
9179716011	1
9179738330	1
9179748142	1
9179752000	1
9179757874	1
9179759900	2
9179811810	1
9179917775	1
9179920216	1
9179922368	1
9179924924	1
9179932685	1
9179932822	1
9179933071	1
9184324200	1
9192745999	1
9193328342	2
9193765118	1
9198464046	49
9292188888	1
9292223070	1
9292330207	2
9293138288	1
9293145570	2
9293379057	33
9293379067	6
9293379068	3
9293404614	2
9402974607	2
9403239681	1
9414410123	3
9414608974	2
9492592608	2
9493304000	1
9493823005	1
9494749884	1
9514960838	1
9542705953	1
9543455758	3
9545306903	1
9545839025	2
9709874575	1
9714247000	1
9724311693	3
9732444500	3
9732766674	4
9732871407	8
9733012323	4
9733059363	1
9734184949	1
9734675000	2
9734835015	4
9735681068	5
9736174201	1
9736175086	3
9736176579	2
9736302461	5
9736328776	1
9736437700	10
9736726639	1
9736865464	1
9737092400	6
9737154219	2
9737160520	1
9737358585	2
9737510400	3
9738492590	1
9738492613	5
9739034413	3
9739703726	1
9739803492	1
9803451632	2
