phone
2122190258	32
2122191204	2
2122221450	8
2122222857	3
2122268072	4
2122268410	2
2122284433	1
2122288730	2
2122336034	5
2122341335	3
2122343102	4
2122346200	1
2122349603	41
2122349606	1
2122349607	5
2122425228	12
2122446426	4
2122452807	1
2122455925	3
2122470208	2
2122474307	3
2122478652	2
2122549577	4
2122551235	1
2122553705	28
2122628067	1
2122628113	10
2122674133	3
2122675701	8
2122815028	1
2122816490	1
2122818395	5
2122830012	3
2122830426	1
2122837904	1
2122838055	9
2122850300	5
2122893702	3
2122896227	33
2122897593	1
2123040853	1
2123042365	8
2123106600	1
2123124800	6
2123344663	2
2123376800	2
2123430959	1
2123460007	2
2123460708	5
2123481694	4
2123482208	1
2123484867	1
2123486140	10
2123532010	2
2123600114	1
2123602766	10
2123682413	2
2123688731	1
2123691564	1
2123692227	4
2123693134	5
2123821875	1
2123870195	6
2123876784	3
2123877687	10
2123877691	5
2123973159	5
2124069411	3
2124080100	2265
2124080243	11
2124080250	414
2124102818	2
2124272244	1
2124272798	3
2124275689	4
2124396900	12
2124472020	31
2124608467	3
2124738152	3
2124754097	1
2124754148	1
2124755500	7
2124757972	1
2124772090	3
2124911714	1
2124914107	5
2124916636	6
2124960700	3
2124962105	4
2125011110	7
2125011198	2
2125050745	10
2125176728	1
2125335340	4
2125338140	1
2125347490	3
2125347639	8
2125349580	7
2125355235	1
2125358610	2
2125440614	3
2125448021	3
2125672322	16
2125674353	1
2125675456	8
2125678109	11
2125679162	3
2125715659	3
2125760500	10
2125793788	3
2125827420	3
2125860981	1
2125862943	2
2125957193	2
2125983800	7
2126029700	2
2126149531	1
2126272020	38
2126272812	1
2126451980	2
2126464100	3
2126477410	1
2126626191	4
2126666400	9
2126680169	4
2126734470	4
2126736510	8
2126742690	1
2126743180	5
2126744545	9
2126745000	14
2126752756	9
2126755350	4
2126756206	1
2126757926	3
2126774481	4
2126774680	1
2126775190	5
2126775710	4
2126782812	8
2126782826	8
2126782829	4
2126782849	3
2126782854	28
2126782857	4
2126782861	12
2126782865	6
2126782873	5
2126782898	4
2126782908	4
2126782960	2
2126787300	2
2126837440	2
2126854366	8
2126903014	4
2126905501	3
2126905807	2
2126905848	4
2126905911	3
2126905915	9
2126905925	13
2126905932	4
2126905936	6
2126905945	8
2126905954	10
2126905960	13
2126905972	3
2126911183	5
2126916119	7
2127120170	1
2127178809	1
2127223109	2
2127225240	5
2127347127	1
2127379774	3
2127404900	2
2127445905	1
2127446562	6
2127495800	12
2127498400	1
2127524340	7
2127545411	4
2127572026	1
2127572680	3
2127573067	4
2127574343	6
2127609800	3
2127684242	6
2127720210	12
2127721220	1
2127773555	1
2127809175	7
2127815700	2
2127816580	1
2127946566	4
2127991033	3
2127992534	13
2127994064	1
2128282858	4
2128311517	1
2128315153	1
2128601370	1
2128601372	3
2128601383	5
2128605801	4
2128605803	5
2128605812	2
2128605827	5
2128605831	13
2128605834	3
2128605838	2
2128605847	4
2128605851	15
2128605854	5
2128605868	7
2128605877	4
2128605882	8
2128605885	2
2128605929	1
2128605976	12
2128605992	6
2128606003	3
2128606006	6
2128608935	3
2128624181	1
2128629940	1
2128642400	4
2128659260	3
2128665400	14
2128666313	1
2128736600	1
2128761825	13
2128764639	6
2128769953	1
2128887870	4
2129233827	2
2129234057	2
2129242810	1
2129251080	18
2129260113	5
2129264152	4
2129270607	4
2129271563	4
2129277850	3
2129277857	9
2129277870	9
2129278218	1
2129278303	3
2129278611	6
2129279233	6
2129280739	2
2129286607	1
2129291743	5
2129423440	3
2129475466	1
2129622188	7
2129624341	4
2129640350	3
2129649610	18
2129667237	2
2129800294	7
2129821836	1
2129951430	2
2129958479	1
2129963795	2
3474039231	1
3474353287	2
3475291700	2
5169210450	2
6466022140	3
6466131200	5
6466131382	1
6466541261	2
6466729020	5
6469150025	2
7182056788	4
7182063240	10
7182208700	1
7182226200	4
7182244031	2
7182248060	1
7182292570	7
7182297600	9
7182303273	2
7182306250	2
7182306300	3
7182306363	1
7182310100	8
7182316592	4
7182320685	3
7182322500	8
7182323873	5
7182352223	7
7182353600	8
7182354100	87
7182361344	2
7182362380	30
7182362906	4
7182363394	6
7182364205	1
7182365447	6
7182365466	5
7182367071	10
7182367755	9
7182369003	3
7182411000	6
7182411300	14
7182414800	8
7182414828	1
7182415757	15
7182418488	5
7182432593	4
7182439413	11
7182465681	2
7182514110	5
7182514411	3
7182520058	2
7182533700	12
7182561118	4
7182568218	5
7182571636	3
7182574428	9
7182589283	7
7182631163	3
7182631919	9
7182634004	5
7182639770	10
7182644880	2
7182650329	1
7182660814	13
7182664841	7
7182665032	3
7182666380	3
7182668090	4
7182669477	8
7182682775	13
7182683137	15
7182687231	35
7182711021	5
7182714971	1
7182717572	15
7182717851	1
7182718383	2
7182726483	3
7182728371	2
7182729515	2
7182733500	13
7182738622	1
7182748316	6
7182762745	3
7182765140	11
7182768686	25
7182768785	16
7182774828	11
7182775044	1
7182776116	5
7182777010	7
7182781220	5
7182781915	2
7182783630	1
7182786403	13
7182787054	1
7182796500	13
7182818200	9
7182824920	8
7182825230	6
7182825254	9
7182828828	5
7182842330	2
7182864700	1
7182876431	6
7182895300	1
7182908600	10
7182916264	1
7182918500	2
7182920260	2
7182920880	4
7182921052	9
7182922211	5
7182922237	1
7182922683	5
7182922868	2
7182922995	2
7182923594	15
7182923785	3
7182924150	1
7182924397	3
7182924502	3
7182924513	12
7182924623	3
7182924628	6
7182924742	2
7182924922	1
7182925070	1
7182925255	14
7182925478	8
7182926070	6
7182927171	2
7182928627	5
7182928817	3
7182929191	1
7182935934	2
7182936768	3
7182940514	1
7182940862	1
7182941497	1
7182948504	4
7182960999	1
7182976580	4
7182979821	6
7182994274	4
7182997490	2
7183022085	1
7183022306	3
7183027900	13
7183184000	9
7183184300	8
7183220500	18
7183223500	2
7183229012	1
7183241262	5
7183241924	3
7183242854	9
7183245188	5
7183255834	4
7183256593	2
7183262111	1
7183266210	1
7183268261	7
7183270895	4
7183271083	7
7183271910	6
7183275828	7
7183275860	34
7183277928	6
7183282105	4
7183282811	1
7183283351	8
7183287187	4
7183287729	5
7183292144	1
7183292902	1
7183298550	2
7183298570	3
7183309227	3
7183309275	13
7183309277	6
7183309280	1
7183309305	7
7183309310	1
7183309322	3
7183309328	5
7183309390	2
7183322003	10
7183323331	1
7183325000	10
7183337400	18
7183337750	2
7183337850	4
7183357272	4
7183357500	2
7183357648	3
7183361300	1
7183387113	3
7183389011	2
7183389201	8
7183391422	3
7183392464	4
7183394355	2
7183418280	6
7183420493	4
7183427563	1
7183451223	8
7183452706	5
7183459100	6
7183459393	11
7183466240	2
7183468103	10
7183468780	5
7183493408	1
7183494000	1
7183511155	1
7183511225	6
7183511889	4
7183513450	4
7183515454	8
7183516777	9
7183523939	6
7183527800	2
7183530009	1
7183532514	3
7183533150	3
7183536327	71
7183536464	3
7183560130	7
7183562220	20
7183562314	6
7183562800	6
7183564200	26
7183564789	4
7183568113	1
7183568242	1
7183582005	5
7183582243	4
7183590321	4
7183590620	4
7183592288	3
7183593390	7
7183596676	1
7183612032	16
7183617464	7
7183618786	1
7183619920	3
7183640085	3
7183667120	4
7183679446	6
7183688500	1
7183697603	2
7183706850	2
7183720221	2
7183723777	2
7183727393	5
7183733954	3
7183735900	2
7183736400	19
7183753523	4
7183754484	4
7183757635	10
7183759506	1
7183768494	7
7183777696	2
7183777890	9
7183778845	1
7183780006	3
7183784736	4
7183789664	7
7183795951	4
7183797400	11
7183806929	1
7183814009	2
7183817100	2
7183819600	12
7183819653	2
7183837600	4
7183838998	3
7183840889	3
7183842314	3
7183847128	7
7183848063	5
7183856200	2
7183858666	5
7183865136	2
7183870228	3
7183870375	6
7183872800	8
7183872929	1
7183874184	5
7183875641	1
7183877820	4
7183880607	4
7183881260	5
7183881588	2
7183884581	3
7183889494	1
7183893163	1
7183893623	2
7183901800	11
7183908000	308
7183908027	18
7183925402	1
7183926944	3
7183983061	1
7183993824	1
7184011826	7
7184014891	3
7184025160	4
7184039544	2
7184056300	2
7184056330	5
7184056345	2
7184056360	4
7184099040	1
7184103430	1
7184104040	3
7184104060	1
7184104077	1
7184104210	3
7184107230	5
7184108100	1
7184186389	5
7184202100	10
7184202600	4
7184212021	16
7184219560	11
7184230762	1
7184238100	4
7184238138	5
7184238288	3
7184238395	3
7184238535	8
7184238621	2
7184238652	5
7184238747	2
7184238825	4
7184245859	10
7184245905	2
7184247700	6
7184286160	14
7184292563	2
7184293141	3
7184295287	1
7184295700	1
7184301800	776
7184301833	26
7184301890	160
7184304688	3
7184320537	3
7184324300	8
7184326491	2
7184346960	4
7184348670	5
7184353804	4
7184356034	12
7184367200	6
7184376135	4
7184380155	4
7184380337	3
7184383230	11
7184384010	3
7184394296	6
7184412165	1
7184414448	3
7184415046	2
7184415493	5
7184420216	6
7184420433	5
7184420462	19
7184421520	2
7184422219	8
7184422891	4
7184423037	1
7184423860	7
7184424110	2
7184426123	19
7184433083	1
7184433600	11
7184444316	11
7184446969	5
7184453232	2
7184458833	27
7184462120	6
7184462726	8
7184463308	1
7184464700	6
7184468010	1
7184470124	13
7184471191	4
7184471274	2
7184471462	3
7184474543	11
7184475686	1
7184478323	1
7184485936	1
7184488694	1
7184495050	21
7184498000	4
7184512200	6
7184523440	1
7184530780	6
7184532926	6
7184534081	1
7184544957	4
7184546157	1
7184550746	1
7184551100	1
7184567105	4
7184567588	2
7184571242	9
7184579757	1
7184584600	2
7184614055	3
7184617462	3
7184622087	2
7184625298	16
7184626992	3
7184633747	2
7184641433	2
7184642119	4
7184644167	3
7184644505	2
7184645544	3
7184645763	3
7184645768	2
7184645773	2
7184650651	22
7184652286	2
7184655538	5
7184656283	6
7184656818	3
7184656820	8
7184664000	2
7184666800	2
7184670800	6
7184671700	26
7184677400	3
7184686420	5
7184714818	2
7184716900	11
7184716934	1
7184720536	1
7184725671	1
7184748615	8
7184755240	1
7184793920	2
7184795540	14
7184825455	1
7184853789	4
7184855240	3
7184915684	1
7184920087	2
7184933824	6
7184937736	7
7184939681	4
7184957732	5
7184957746	9
7184957751	4
7184957759	1
7184957768	4
7184957775	3
7184957781	11
7184957791	9
7184957793	3
7184957801	14
7184957805	13
7184970139	3
7184970326	1
7184972908	2
7184982491	2
7184982605	5
7184982800	2
7184982811	7
7184983717	16
7184985276	1
7184986562	10
7184986680	1
7184992054	2
7184992412	1
7185050140	2
7185150410	3
7185152160	3
7185159370	4
7185184333	3
7185205900	1292
7185205925	30
7185208197	1
7185222119	3
7185236912	4
7185251670	6
7185254057	3
7185256439	2
7185256507	3
7185261906	14
7185264139	1
7185264780	3
7185264884	11
7185265336	10
7185265523	4
7185273501	5
7185281862	6
7185282238	4
7185282420	6
7185282920	12
7185285399	8
7185285734	2
7185285807	5
7185287070	2
7185289053	15
7185289173	6
7185290767	6
7185291885	2
7185292547	2
7185292580	14
7185294300	10
7185312480	1
7185314852	1
7185331013	9
7185336712	2
7185379912	5
7185387083	4
7185389726	4
7185420006	1
7185420740	3
7185421155	3
7185421537	1
7185422650	5
7185422974	2
7185423700	2
7185425063	1
7185427230	2
7185427676	13
7185431000	11
7185434595	3
7185438672	4
7185441083	2
7185444343	3
7185457095	4
7185480912	5
7185481511	9
7185482415	2
7185483451	2
7185611617	1
7185612052	2
7185613580	1
7185628551	1
7185630473	3
7185630776	1
7185636678	2
7185642470	1
7185642551	1
7185642580	2
7185677661	1
7185730288	7
7185730781	2
7185732307	1
7185740235	6
7185740244	19
7185740252	2
7185740261	2
7185740273	3
7185740288	6
7185740301	11
7185740325	10
7185740361	5
7185740382	2
7185740390	5
7185742318	6
7185742333	8
7185742336	5
7185742345	3
7185742353	3
7185742357	1
7185742365	4
7185742373	6
7185742381	5
7185742820	6
7185755580	2
7185831736	4
7185832360	7
7185834146	4
7185835355	14
7185835466	4
7185835501	3
7185835560	4
7185836000	13
7185836116	7
7185836266	10
7185836444	5
7185836655	6
7185836767	4
7185836866	7
7185837007	1
7185837366	3
7185837510	8
7185837750	8
7185838878	3
7185840832	2
7185841295	3
7185841570	3
7185841660	5
7185841899	2
7185842330	3
7185842700	4
7185843043	1
7185843045	6
7185843291	2
7185843645	9
7185843926	10
7185843992	3
7185844203	8
7185844450	3
7185844730	4
7185845275	9
7185845585	7
7185845805	4
7185846004	4
7185846310	1
7185846390	14
7185846764	3
7185847441	2
7185851205	3
7185851617	2
7185851640	2
7185852100	7
7185852950	4
7185854024	1
7185883004	1
7185888221	2
7185888308	1
7185893058	8
7185894312	6
7185894560	6
7185894844	3
7185896728	11
7185898090	9
7185898200	8
7185901300	1
7185905455	2
7185911500	7
7185919000	4
7185920300	4
7185923030	5
7185958400	10
7185971587	1
7185971751	7
7185976404	1
7185979220	1
7185990371	2
7185991207	1
7185995707	25
7185997301	1
7186012632	6
7186012869	1
7186041380	3
7186047363	6
7186051189	4
7186170662	15
7186176334	1
7186179101	5
7186200724	4
7186208160	2
7186209423	1
7186218800	55
7186221626	5
7186222443	1
7186222960	2
7186225271	10
7186229285	1
7186253268	2
7186254844	1
7186256130	1
7186268620	7
7186291204	1
7186291670	3
7186316800	3
7186333061	7
7186338200	5
7186341970	1
7186343382	5
7186347167	5
7186347914	12
7186349459	8
7186364725	6
7186364900	11
7186381740	7
7186381830	1
7186382661	2
7186383260	3
7186384043	2
7186384235	2
7186393817	7
7186414956	2
7186423000	7
7186423007	1
7186424305	1
7186451334	4
7186452862	1
7186458667	11
7186461444	1
7186470111	8
7186471113	8
7186471672	2
7186471740	5
7186472100	9
7186473600	5
7186475204	11
7186478387	12
7186479050	3
7186479500	4
7186480882	4
7186482053	1
7186488804	5
7186489102	2
7186490765	5
7186493155	10
7186495739	5
7186497880	11
7186499216	11
7186518247	1
7186519571	6
7186520519	1
7186521244	18
7186523461	4
7186523903	10
7186524959	6
7186530835	22
7186542055	2
7186546377	4
7186549200	1
7186550261	6
7186554446	5
7186559164	5
7186571120	5
7186573181	1
7186574760	9
7186574995	7
7186576618	2
7186584016	1
7186585407	16
7186590471	3
7186650950	8
7186650962	6
7186653555	1
7186655617	5
7186658866	3
7186659804	2
7186672165	18
7186673545	4
7186675725	6
7186678686	5
7186816120	15
7186816227	4
7186816455	14
7186816776	8
7186816850	3
7186817093	7
7186817172	6
7186817214	9
7186817219	4
7186817276	15
7186817507	13
7186817553	4
7186818088	3
7186818287	1
7186861457	2
7186861940	4
7186933023	5
7186933426	8
7186934363	8
7186936655	7
7186948357	4
7186949741	2
7186963340	4
7186963700	2
7186963800	2
7186963820	1
7186963930	2
7186966010	10
7186980600	11
7186981530	4
7186984200	11
7186985757	27
7186986661	3
7186994201	5
7186994245	11
7187035400	2
7187201010	23
7187206110	1
7187215404	8
7187216410	6
7187223211	9
7187223213	4
7187230313	2
7187236200	1
7187248500	12
7187270985	3
7187276040	11
7187278481	23
7187282676	8
7187284646	8
7187310219	3
7187317900	2
7187333872	1
7187334559	3
7187334656	1
7187335024	2
7187338852	1
7187367100	5
7187385126	4
7187388100	8
7187390007	12
7187394229	1
7187394463	5
7187395942	13
7187396883	13
7187401999	2
7187430220	2
7187430890	5
7187431954	3
7187435598	33
7187436689	2
7187439793	9
7187452377	4
7187456610	7
7187460396	9
7187460818	5
7187480333	11
7187480650	2
7187481537	25
7187487404	3
7187560122	3
7187560210	5
7187560243	11
7187561206	3
7187563100	10
7187563164	4
7187587200	13
7187593400	6
7187603233	5
7187606934	1
7187612155	6
7187613325	4
7187625995	14
7187634015	3
7187634701	4
7187678810	16
7187680057	3
7187696984	6
7187712787	16
7187714793	2
7187714865	2
7187732600	3
7187733059	2
7187733343	1
7187733908	1
7187734869	10
7187735332	14
7187737765	5
7187740300	15
7187741002	5
7187742640	2
7187744466	8
7187745200	2
7187745248	1
7187749213	1
7187764728	23
7187777599	1
7187787305	4
7187792090	7
7187798356	1
7187820589	4
7187820918	1
7187822527	4
7187825352	19
7187826800	2
7187834842	4
7187842252	4
7187843431	1
7187845250	5
7187847447	1
7187862073	4
7187866703	9
7187880246	1
7187884482	5
7187887608	8
7187891191	4
7187892258	2
7187893962	7
7187894251	1
7187895835	5
7187922650	2
7187924003	18
7187932130	2
7187946160	6
7187960360	5
7187962950	1
7187968516	5
7187968695	2
7187968845	8
7187968965	11
7187969200	12
7187969434	6
7187969645	4
7187973702	2
7187986601	2
7188046400	27
7188150186	4
7188165019	4
7188165259	4
7188166172	13
7188168897	6
7188169571	2
7188177400	21
7188177700	3
7188214248	9
7188214623	4
7188214800	1
7188214810	2
7188214823	3
7188214860	1
7188214882	2
7188216880	2
7188217246	2
7188217772	5
7188217850	15
7188218121	6
7188219800	9
7188220126	1
7188220486	1
7188224271	1
7188224282	1
7188224440	5
7188225186	12
7188225198	1
7188225307	5
7188225311	7
7188225325	6
7188225341	6
7188225345	3
7188225351	44
7188240950	9
7188240978	2
7188243152	3
7188247350	10
7188249327	1
7188272796	1
7188286607	10
7188296372	2
7188304910	3
7188304970	6
7188314000	1
7188314010	2
7188314016	2
7188314021	1
7188314024	2
7188314032	2
7188314040	1
7188324201	6
7188324300	5
7188329366	3
7188331000	15
7188332323	4
7188336710	3
7188339363	73
7188344745	4
7188344748	2
7188346734	10
7188346740	2
7188346744	10
7188346752	9
7188346756	5
7188346760	6
7188346774	3
7188346939	5
7188347694	6
7188364630	4
7188369722	6
7188420687	1
7188421461	9
7188422655	11
7188425656	3
7188432260	23
7188434880	5
7188438390	5
7188455942	11
7188457560	7
7188458290	6
7188461840	2
7188462731	3
7188463335	10
7188470724	1
7188473370	3
7188480001	6
7188482700	19
7188489247	10
7188490184	2
7188490962	3
7188490992	3
7188493845	1
7188494870	3
7188500738	2
7188518070	2
7188521701	12
7188531884	7
7188533224	2
7188544100	4
7188552412	2
7188557155	1
7188560600	4
7188566560	5
7188572291	18
7188573149	4
7188574503	5
7188574646	2
7188574810	2
7188579820	3
7188580249	3
7188581160	8
7188601242	1
7188601385	2
7188601630	4
7188602596	1
7188602707	1
7188603313	5
7188604181	2
7188605060	1
7188605110	6
7188605544	2
7188608140	13
7188608160	7
7188610521	3
7188610759	11
7188610852	1
7188614461	5
7188618641	9
7188618704	1
7188624406	2
7188631993	7
7188639829	5
7188751011	1
7188811758	1
7188812418	6
7188823815	3
7188828513	1
7188828865	3
7188845900	1
7188851093	1
7188853247	33
7188865111	3
7188865777	1
7188887500	9
7188913602	2
7188919005	9
7188921006	11
7188922054	2
7188925270	12
7188926090	1
7188928600	12
7188936173	1
7188943441	1
7188968511	3
7188977006	3
7188978600	2
7188982230	6
7188983630	2
7188986973	3
7188988181	3
7188995799	2
7189010436	4
7189014792	2
7189044200	12
7189045400	12
7189045550	9
7189045570	17
7189045600	5
7189045650	6
7189045750	1
7189191256	9
7189194212	4
7189195707	7
7189220389	2
7189220650	3
7189220762	1
7189221145	6
7189223505	10
7189224690	9
7189234750	4
7189270012	4
7189320909	1
7189325650	2
7189325876	1
7189326916	1
7189335976	12
7189370320	8
7189371463	8
7189373010	4
7189374270	7
7189392428	1
7189394594	2
7189412800	2
7189415097	1
7189415450	2
7189416700	1
7189443400	6
7189443401	2
7189443419	3
7189443548	2
7189443635	1
7189445660	1
7189453300	1
7189456900	15
7189498405	1
7189531658	1
7189534569	5
7189609520	4
7189613480	7
7189621715	1
7189633793	1
7189650390	3
7189653331	1
7189653333	3
7189656533	7
7189656578	13
7189656581	2
7189658900	1496
7189658973	11
7189658999	284
7189673542	5
7189681689	1
7189693155	1
7189695510	1
7189697780	4
7189774800	8
7189781364	2
7189781536	1
7189781837	2
7189782135	5
7189782807	4
7189786432	1
7189788352	1
7189810502	12
7189818800	5
7189818828	1
7189826521	1
7189840101	2
7189840772	11
7189840960	14
7189841021	9
7189841197	8
7189841422	39
7189841526	4
7189841688	22
7189842233	7
7189843800	8
7189848266	3
7189849800	3
7189870396	5
7189870709	44
7189875155	2
7189875336	27
7189878020	5
7189879800	1
7189910860	2
7189911855	1
7189912020	1
7189912695	1
7189914634	6
7189916349	6
7189917238	1
7189917490	9
7189923709	4
7189927089	9
7189927154	25
7189929506	7
7189935000	14
7189935146	2
7189935581	2
7189941028	1
7189941395	2
7189960100	2
7189963800	9
7189966666	1
7189966706	14
7189968199	1
7189984298	3
9174410873	4
9174415600	14
9175207212	2
9175211875	10
9175212508	11
9175213800	2
9175213824	2
NA 0/0	428
UNSPECIFIED	1859270
